wavelengths,fluxes,convolved_flux,filter_wavelengths,filter_trans
  1.472000E+02,  1.579762E-41,  0.000000E+00,  4.600000E+03,  0.000000E+00
  1.510000E+02,  1.608429E-41,  0.000000E+00,  4.800000E+03,  2.000000E-02
  1.552000E+02,  0.000000E+00,  0.000000E+00,  5.000000E+03,  3.800000E-01
  1.588000E+02,  0.000000E+00,  0.000000E+00,  5.200000E+03,  9.100000E-01
  1.620000E+02,  0.000000E+00,  0.000000E+00,  5.400000E+03,  9.800000E-01
  1.660000E+02,  0.000000E+00,  0.000000E+00,  5.600000E+03,  7.200000E-01
  1.703000E+02,  0.000000E+00,  0.000000E+00,  5.800000E+03,  6.200000E-01
  1.734000E+02,  0.000000E+00,  0.000000E+00,  6.000000E+03,  4.000000E-01
  1.768000E+02,  0.000000E+00,  0.000000E+00,  6.200000E+03,  2.000000E-01
  1.802000E+02,  0.000000E+00,  0.000000E+00,  6.400000E+03,  8.000000E-02
  1.817000E+02,  0.000000E+00,  0.000000E+00,  6.600000E+03,  2.000000E-02
  1.861000E+02,  0.000000E+00,  0.000000E+00,  6.800000E+03,  1.000000E-02
  1.910000E+02,  0.000000E+00,  0.000000E+00,  7.000000E+03,  1.000000E-02
  1.939000E+02,  0.000000E+00,  0.000000E+00,  7.200000E+03,  1.000000E-02
  1.984000E+02,  0.000000E+00,  0.000000E+00,  7.400000E+03,  0.000000E+00
  2.018000E+02,  0.000000E+00,  0.000000E+00,  0.000000E+00,  0.000000E+00
  2.050000E+02,  0.000000E+00,  0.000000E+00,  0.000000E+00,  0.000000E+00
  2.105000E+02,  0.000000E+00,  0.000000E+00,  0.000000E+00,  0.000000E+00
  2.162000E+02,  0.000000E+00,  0.000000E+00,  0.000000E+00,  0.000000E+00
  2.198000E+02,  0.000000E+00,  0.000000E+00,  0.000000E+00,  0.000000E+00
  2.230000E+02,  0.000000E+00,  0.000000E+00,  0.000000E+00,  0.000000E+00
  2.268000E+02,  0.000000E+00,  0.000000E+00,  0.000000E+00,  0.000000E+00
  2.300000E+02,  0.000000E+00,  0.000000E+00,  0.000000E+00,  0.000000E+00
  2.340000E+02,  0.000000E+00,  0.000000E+00,  0.000000E+00,  0.000000E+00
  2.400000E+02,  0.000000E+00,  0.000000E+00,  0.000000E+00,  0.000000E+00
  2.465000E+02,  0.000000E+00,  0.000000E+00,  0.000000E+00,  0.000000E+00
  2.524000E+02,  0.000000E+00,  0.000000E+00,  0.000000E+00,  0.000000E+00
  2.568000E+02,  0.000000E+00,  0.000000E+00,  0.000000E+00,  0.000000E+00
  2.600000E+02,  0.000000E+00,  0.000000E+00,  0.000000E+00,  0.000000E+00
  2.640000E+02,  0.000000E+00,  0.000000E+00,  0.000000E+00,  0.000000E+00
  2.685000E+02,  0.000000E+00,  0.000000E+00,  0.000000E+00,  0.000000E+00
  2.735000E+02,  0.000000E+00,  0.000000E+00,  0.000000E+00,  0.000000E+00
  2.785000E+02,  0.000000E+00,  0.000000E+00,  0.000000E+00,  0.000000E+00
  2.840000E+02,  0.000000E+00,  0.000000E+00,  0.000000E+00,  0.000000E+00
  2.900000E+02,  0.000000E+00,  0.000000E+00,  0.000000E+00,  0.000000E+00
  2.960000E+02,  0.000000E+00,  0.000000E+00,  0.000000E+00,  0.000000E+00
  3.010000E+02,  0.000000E+00,  0.000000E+00,  0.000000E+00,  0.000000E+00
  3.080000E+02,  0.000000E+00,  0.000000E+00,  0.000000E+00,  0.000000E+00
  3.180000E+02,  0.000000E+00,  0.000000E+00,  0.000000E+00,  0.000000E+00
  3.280000E+02,  0.000000E+00,  0.000000E+00,  0.000000E+00,  0.000000E+00
  3.380000E+02,  0.000000E+00,  0.000000E+00,  0.000000E+00,  0.000000E+00
  3.480000E+02,  0.000000E+00,  0.000000E+00,  0.000000E+00,  0.000000E+00
  3.570000E+02,  0.000000E+00,  0.000000E+00,  0.000000E+00,  0.000000E+00
  3.660000E+02,  0.000000E+00,  0.000000E+00,  0.000000E+00,  0.000000E+00
  3.750000E+02,  0.000000E+00,  0.000000E+00,  0.000000E+00,  0.000000E+00
  3.850000E+02,  0.000000E+00,  0.000000E+00,  0.000000E+00,  0.000000E+00
  3.950000E+02,  0.000000E+00,  0.000000E+00,  0.000000E+00,  0.000000E+00
  4.050000E+02,  0.000000E+00,  0.000000E+00,  0.000000E+00,  0.000000E+00
  4.140000E+02,  0.000000E+00,  0.000000E+00,  0.000000E+00,  0.000000E+00
  4.220000E+02,  0.000000E+00,  0.000000E+00,  0.000000E+00,  0.000000E+00
  4.300000E+02,  0.000000E+00,  0.000000E+00,  0.000000E+00,  0.000000E+00
  4.410000E+02,  0.000000E+00,  0.000000E+00,  0.000000E+00,  0.000000E+00
  4.510000E+02,  0.000000E+00,  0.000000E+00,  0.000000E+00,  0.000000E+00
  4.600000E+02,  0.000000E+00,  0.000000E+00,  0.000000E+00,  0.000000E+00
  4.700000E+02,  0.000000E+00,  0.000000E+00,  0.000000E+00,  0.000000E+00
  4.800000E+02,  0.000000E+00,  0.000000E+00,  0.000000E+00,  0.000000E+00
  4.900000E+02,  0.000000E+00,  0.000000E+00,  0.000000E+00,  0.000000E+00
  5.000000E+02,  0.000000E+00,  0.000000E+00,  0.000000E+00,  0.000000E+00
  5.060000E+02,  0.000000E+00,  0.000000E+00,  0.000000E+00,  0.000000E+00
  5.120000E+02,  0.000000E+00,  0.000000E+00,  0.000000E+00,  0.000000E+00
  5.200000E+02,  0.000000E+00,  0.000000E+00,  0.000000E+00,  0.000000E+00
  5.300000E+02,  0.000000E+00,  0.000000E+00,  0.000000E+00,  0.000000E+00
  5.400000E+02,  0.000000E+00,  0.000000E+00,  0.000000E+00,  0.000000E+00
  5.500000E+02,  0.000000E+00,  0.000000E+00,  0.000000E+00,  0.000000E+00
  5.600000E+02,  0.000000E+00,  0.000000E+00,  0.000000E+00,  0.000000E+00
  5.700000E+02,  0.000000E+00,  0.000000E+00,  0.000000E+00,  0.000000E+00
  5.800000E+02,  0.000000E+00,  0.000000E+00,  0.000000E+00,  0.000000E+00
  5.900000E+02,  0.000000E+00,  0.000000E+00,  0.000000E+00,  0.000000E+00
  6.000000E+02,  0.000000E+00,  0.000000E+00,  0.000000E+00,  0.000000E+00
  6.100000E+02,  0.000000E+00,  0.000000E+00,  0.000000E+00,  0.000000E+00
  6.200000E+02,  0.000000E+00,  0.000000E+00,  0.000000E+00,  0.000000E+00
  6.300000E+02,  0.000000E+00,  0.000000E+00,  0.000000E+00,  0.000000E+00
  6.400000E+02,  4.716774E-34,  0.000000E+00,  0.000000E+00,  0.000000E+00
  6.500000E+02,  3.349773E-33,  0.000000E+00,  0.000000E+00,  0.000000E+00
  6.580000E+02,  9.177611E-33,  0.000000E+00,  0.000000E+00,  0.000000E+00
  6.650000E+02,  1.943616E-32,  0.000000E+00,  0.000000E+00,  0.000000E+00
  6.750000E+02,  5.057015E-32,  0.000000E+00,  0.000000E+00,  0.000000E+00
  6.850000E+02,  1.204326E-31,  0.000000E+00,  0.000000E+00,  0.000000E+00
  6.950000E+02,  2.691976E-31,  0.000000E+00,  0.000000E+00,  0.000000E+00
  7.050000E+02,  5.721473E-31,  0.000000E+00,  0.000000E+00,  0.000000E+00
  7.160000E+02,  1.258544E-30,  0.000000E+00,  0.000000E+00,  0.000000E+00
  7.260000E+02,  2.483147E-30,  0.000000E+00,  0.000000E+00,  0.000000E+00
  7.350000E+02,  4.464255E-30,  0.000000E+00,  0.000000E+00,  0.000000E+00
  7.450000E+02,  8.355002E-30,  0.000000E+00,  0.000000E+00,  0.000000E+00
  7.550000E+02,  1.526504E-29,  0.000000E+00,  0.000000E+00,  0.000000E+00
  7.650000E+02,  2.730347E-29,  0.000000E+00,  0.000000E+00,  0.000000E+00
  7.750000E+02,  4.779741E-29,  0.000000E+00,  0.000000E+00,  0.000000E+00
  7.850000E+02,  8.218785E-29,  0.000000E+00,  0.000000E+00,  0.000000E+00
  7.950000E+02,  1.377978E-28,  0.000000E+00,  0.000000E+00,  0.000000E+00
  8.050000E+02,  2.297690E-28,  0.000000E+00,  0.000000E+00,  0.000000E+00
  8.150000E+02,  3.763246E-28,  0.000000E+00,  0.000000E+00,  0.000000E+00
  8.250000E+02,  6.060731E-28,  0.000000E+00,  0.000000E+00,  0.000000E+00
  8.350000E+02,  9.624682E-28,  0.000000E+00,  0.000000E+00,  0.000000E+00
  8.450000E+02,  1.507697E-27,  0.000000E+00,  0.000000E+00,  0.000000E+00
  8.550000E+02,  2.332383E-27,  0.000000E+00,  0.000000E+00,  0.000000E+00
  8.650000E+02,  3.562779E-27,  0.000000E+00,  0.000000E+00,  0.000000E+00
  8.750000E+02,  5.371702E-27,  0.000000E+00,  0.000000E+00,  0.000000E+00
  8.850000E+02,  8.030666E-27,  0.000000E+00,  0.000000E+00,  0.000000E+00
  8.950000E+02,  1.186340E-26,  0.000000E+00,  0.000000E+00,  0.000000E+00
  9.050000E+02,  1.733961E-26,  0.000000E+00,  0.000000E+00,  0.000000E+00
  9.150000E+02,  1.989294E-23,  0.000000E+00,  0.000000E+00,  0.000000E+00
  9.250000E+02,  7.050598E-23,  0.000000E+00,  0.000000E+00,  0.000000E+00
  9.350000E+02,  1.036753E-22,  0.000000E+00,  0.000000E+00,  0.000000E+00
  9.450000E+02,  1.506388E-22,  0.000000E+00,  0.000000E+00,  0.000000E+00
  9.550000E+02,  2.291399E-22,  0.000000E+00,  0.000000E+00,  0.000000E+00
  9.650000E+02,  3.316651E-22,  0.000000E+00,  0.000000E+00,  0.000000E+00
  9.750000E+02,  4.732759E-22,  0.000000E+00,  0.000000E+00,  0.000000E+00
  9.850000E+02,  6.669128E-22,  0.000000E+00,  0.000000E+00,  0.000000E+00
  9.950000E+02,  9.335921E-22,  0.000000E+00,  0.000000E+00,  0.000000E+00
  1.005000E+03,  1.335412E-21,  0.000000E+00,  0.000000E+00,  0.000000E+00
  1.015000E+03,  1.846085E-21,  0.000000E+00,  0.000000E+00,  0.000000E+00
  1.025000E+03,  2.509408E-21,  0.000000E+00,  0.000000E+00,  0.000000E+00
  1.035000E+03,  3.469950E-21,  0.000000E+00,  0.000000E+00,  0.000000E+00
  1.045000E+03,  4.703106E-21,  0.000000E+00,  0.000000E+00,  0.000000E+00
  1.055000E+03,  6.322938E-21,  0.000000E+00,  0.000000E+00,  0.000000E+00
  1.065000E+03,  8.454644E-21,  0.000000E+00,  0.000000E+00,  0.000000E+00
  1.075000E+03,  1.127896E-20,  0.000000E+00,  0.000000E+00,  0.000000E+00
  1.085000E+03,  1.494690E-20,  0.000000E+00,  0.000000E+00,  0.000000E+00
  1.095000E+03,  1.959217E-20,  0.000000E+00,  0.000000E+00,  0.000000E+00
  1.105000E+03,  5.547490E-20,  0.000000E+00,  0.000000E+00,  0.000000E+00
  1.115000E+03,  1.609308E-19,  0.000000E+00,  0.000000E+00,  0.000000E+00
  1.125000E+03,  2.371627E-19,  0.000000E+00,  0.000000E+00,  0.000000E+00
  1.135000E+03,  3.566429E-19,  0.000000E+00,  0.000000E+00,  0.000000E+00
  1.145000E+03,  4.652125E-19,  0.000000E+00,  0.000000E+00,  0.000000E+00
  1.155000E+03,  5.406692E-19,  0.000000E+00,  0.000000E+00,  0.000000E+00
  1.165000E+03,  7.218625E-19,  0.000000E+00,  0.000000E+00,  0.000000E+00
  1.175000E+03,  9.103266E-19,  0.000000E+00,  0.000000E+00,  0.000000E+00
  1.185000E+03,  1.004361E-18,  0.000000E+00,  0.000000E+00,  0.000000E+00
  1.195000E+03,  7.555354E-19,  0.000000E+00,  0.000000E+00,  0.000000E+00
  1.205000E+03,  7.303684E-19,  0.000000E+00,  0.000000E+00,  0.000000E+00
  1.215000E+03,  3.055189E-19,  0.000000E+00,  0.000000E+00,  0.000000E+00
  1.225000E+03,  9.593760E-19,  0.000000E+00,  0.000000E+00,  0.000000E+00
  1.235000E+03,  2.039750E-18,  0.000000E+00,  0.000000E+00,  0.000000E+00
  1.245000E+03,  3.094661E-18,  0.000000E+00,  0.000000E+00,  0.000000E+00
  1.255000E+03,  3.938170E-18,  0.000000E+00,  0.000000E+00,  0.000000E+00
  1.265000E+03,  4.304695E-18,  0.000000E+00,  0.000000E+00,  0.000000E+00
  1.275000E+03,  5.304544E-18,  0.000000E+00,  0.000000E+00,  0.000000E+00
  1.285000E+03,  6.315056E-18,  0.000000E+00,  0.000000E+00,  0.000000E+00
  1.295000E+03,  7.626885E-18,  0.000000E+00,  0.000000E+00,  0.000000E+00
  1.305000E+03,  8.134839E-18,  0.000000E+00,  0.000000E+00,  0.000000E+00
  1.315000E+03,  9.956027E-18,  0.000000E+00,  0.000000E+00,  0.000000E+00
  1.325000E+03,  1.081212E-17,  0.000000E+00,  0.000000E+00,  0.000000E+00
  1.335000E+03,  1.228597E-17,  0.000000E+00,  0.000000E+00,  0.000000E+00
  1.345000E+03,  1.403785E-17,  0.000000E+00,  0.000000E+00,  0.000000E+00
  1.355000E+03,  1.628911E-17,  0.000000E+00,  0.000000E+00,  0.000000E+00
  1.365000E+03,  1.775090E-17,  0.000000E+00,  0.000000E+00,  0.000000E+00
  1.375000E+03,  1.989188E-17,  0.000000E+00,  0.000000E+00,  0.000000E+00
  1.385000E+03,  2.219621E-17,  0.000000E+00,  0.000000E+00,  0.000000E+00
  1.395000E+03,  2.501159E-17,  0.000000E+00,  0.000000E+00,  0.000000E+00
  1.405000E+03,  2.996732E-17,  0.000000E+00,  0.000000E+00,  0.000000E+00
  1.415000E+03,  3.355945E-17,  0.000000E+00,  0.000000E+00,  0.000000E+00
  1.425000E+03,  3.839921E-17,  0.000000E+00,  0.000000E+00,  0.000000E+00
  1.435000E+03,  4.468780E-17,  0.000000E+00,  0.000000E+00,  0.000000E+00
  1.442000E+03,  5.382146E-17,  0.000000E+00,  0.000000E+00,  0.000000E+00
  1.447000E+03,  5.126836E-17,  0.000000E+00,  0.000000E+00,  0.000000E+00
  1.455000E+03,  5.894566E-17,  0.000000E+00,  0.000000E+00,  0.000000E+00
  1.465000E+03,  7.040717E-17,  0.000000E+00,  0.000000E+00,  0.000000E+00
  1.475000E+03,  7.121668E-17,  0.000000E+00,  0.000000E+00,  0.000000E+00
  1.485000E+03,  8.379844E-17,  0.000000E+00,  0.000000E+00,  0.000000E+00
  1.495000E+03,  1.067222E-16,  0.000000E+00,  0.000000E+00,  0.000000E+00
  1.505000E+03,  1.268294E-16,  0.000000E+00,  0.000000E+00,  0.000000E+00
  1.512000E+03,  1.102028E-16,  0.000000E+00,  0.000000E+00,  0.000000E+00
  1.517000E+03,  1.429066E-16,  0.000000E+00,  0.000000E+00,  0.000000E+00
  1.525000E+03,  2.244324E-16,  0.000000E+00,  0.000000E+00,  0.000000E+00
  1.535000E+03,  6.225465E-16,  0.000000E+00,  0.000000E+00,  0.000000E+00
  1.545000E+03,  5.898118E-16,  0.000000E+00,  0.000000E+00,  0.000000E+00
  1.555000E+03,  8.910746E-16,  0.000000E+00,  0.000000E+00,  0.000000E+00
  1.565000E+03,  8.588481E-16,  0.000000E+00,  0.000000E+00,  0.000000E+00
  1.575000E+03,  1.403868E-15,  0.000000E+00,  0.000000E+00,  0.000000E+00
  1.585000E+03,  1.690460E-15,  0.000000E+00,  0.000000E+00,  0.000000E+00
  1.595000E+03,  1.948078E-15,  0.000000E+00,  0.000000E+00,  0.000000E+00
  1.605000E+03,  2.165707E-15,  0.000000E+00,  0.000000E+00,  0.000000E+00
  1.615000E+03,  2.425064E-15,  0.000000E+00,  0.000000E+00,  0.000000E+00
  1.625000E+03,  2.767420E-15,  0.000000E+00,  0.000000E+00,  0.000000E+00
  1.635000E+03,  3.218571E-15,  0.000000E+00,  0.000000E+00,  0.000000E+00
  1.645000E+03,  4.445640E-15,  0.000000E+00,  0.000000E+00,  0.000000E+00
  1.655000E+03,  2.905627E-15,  0.000000E+00,  0.000000E+00,  0.000000E+00
  1.665000E+03,  5.116024E-15,  0.000000E+00,  0.000000E+00,  0.000000E+00
  1.672000E+03,  3.724723E-15,  0.000000E+00,  0.000000E+00,  0.000000E+00
  1.677000E+03,  5.289721E-15,  0.000000E+00,  0.000000E+00,  0.000000E+00
  1.685000E+03,  8.583551E-15,  0.000000E+00,  0.000000E+00,  0.000000E+00
  1.695000E+03,  1.370512E-14,  0.000000E+00,  0.000000E+00,  0.000000E+00
  1.705000E+03,  1.740533E-14,  0.000000E+00,  0.000000E+00,  0.000000E+00
  1.715000E+03,  1.750232E-14,  0.000000E+00,  0.000000E+00,  0.000000E+00
  1.725000E+03,  2.161927E-14,  0.000000E+00,  0.000000E+00,  0.000000E+00
  1.735000E+03,  2.814385E-14,  0.000000E+00,  0.000000E+00,  0.000000E+00
  1.745000E+03,  3.946799E-14,  0.000000E+00,  0.000000E+00,  0.000000E+00
  1.755000E+03,  6.101977E-14,  0.000000E+00,  0.000000E+00,  0.000000E+00
  1.765000E+03,  4.611421E-14,  0.000000E+00,  0.000000E+00,  0.000000E+00
  1.775000E+03,  5.930522E-14,  0.000000E+00,  0.000000E+00,  0.000000E+00
  1.785000E+03,  8.459890E-14,  0.000000E+00,  0.000000E+00,  0.000000E+00
  1.795000E+03,  1.177247E-13,  0.000000E+00,  0.000000E+00,  0.000000E+00
  1.805000E+03,  1.019069E-13,  0.000000E+00,  0.000000E+00,  0.000000E+00
  1.815000E+03,  8.179725E-14,  0.000000E+00,  0.000000E+00,  0.000000E+00
  1.825000E+03,  1.031913E-13,  0.000000E+00,  0.000000E+00,  0.000000E+00
  1.835000E+03,  1.206306E-13,  0.000000E+00,  0.000000E+00,  0.000000E+00
  1.845000E+03,  6.889363E-14,  0.000000E+00,  0.000000E+00,  0.000000E+00
  1.855000E+03,  1.358838E-13,  0.000000E+00,  0.000000E+00,  0.000000E+00
  1.865000E+03,  1.913484E-13,  0.000000E+00,  0.000000E+00,  0.000000E+00
  1.875000E+03,  1.994981E-13,  0.000000E+00,  0.000000E+00,  0.000000E+00
  1.885000E+03,  2.178933E-13,  0.000000E+00,  0.000000E+00,  0.000000E+00
  1.895000E+03,  2.782335E-13,  0.000000E+00,  0.000000E+00,  0.000000E+00
  1.905000E+03,  2.517628E-13,  0.000000E+00,  0.000000E+00,  0.000000E+00
  1.915000E+03,  2.887620E-13,  0.000000E+00,  0.000000E+00,  0.000000E+00
  1.925000E+03,  2.371480E-13,  0.000000E+00,  0.000000E+00,  0.000000E+00
  1.935000E+03,  1.307165E-13,  0.000000E+00,  0.000000E+00,  0.000000E+00
  1.945000E+03,  3.513103E-13,  0.000000E+00,  0.000000E+00,  0.000000E+00
  1.955000E+03,  3.697775E-13,  0.000000E+00,  0.000000E+00,  0.000000E+00
  1.967000E+03,  4.939094E-13,  0.000000E+00,  0.000000E+00,  0.000000E+00
  1.976000E+03,  4.465415E-13,  0.000000E+00,  0.000000E+00,  0.000000E+00
  1.984000E+03,  4.461113E-13,  0.000000E+00,  0.000000E+00,  0.000000E+00
  1.995000E+03,  5.165674E-13,  0.000000E+00,  0.000000E+00,  0.000000E+00
  2.005000E+03,  5.024026E-13,  0.000000E+00,  0.000000E+00,  0.000000E+00
  2.015000E+03,  5.715803E-13,  0.000000E+00,  0.000000E+00,  0.000000E+00
  2.025000E+03,  4.286824E-13,  0.000000E+00,  0.000000E+00,  0.000000E+00
  2.035000E+03,  6.820389E-13,  0.000000E+00,  0.000000E+00,  0.000000E+00
  2.045000E+03,  8.137776E-13,  0.000000E+00,  0.000000E+00,  0.000000E+00
  2.055000E+03,  7.599515E-13,  0.000000E+00,  0.000000E+00,  0.000000E+00
  2.065000E+03,  7.526113E-13,  0.000000E+00,  0.000000E+00,  0.000000E+00
  2.074000E+03,  7.805972E-13,  0.000000E+00,  0.000000E+00,  0.000000E+00
  2.078000E+03,  1.203885E-12,  0.000000E+00,  0.000000E+00,  0.000000E+00
  2.085000E+03,  1.174648E-12,  0.000000E+00,  0.000000E+00,  0.000000E+00
  2.095000E+03,  1.763850E-12,  0.000000E+00,  0.000000E+00,  0.000000E+00
  2.105000E+03,  2.979937E-12,  0.000000E+00,  0.000000E+00,  0.000000E+00
  2.115000E+03,  3.912618E-12,  0.000000E+00,  0.000000E+00,  0.000000E+00
  2.125000E+03,  3.203403E-12,  0.000000E+00,  0.000000E+00,  0.000000E+00
  2.135000E+03,  3.118547E-12,  0.000000E+00,  0.000000E+00,  0.000000E+00
  2.145000E+03,  4.523384E-12,  0.000000E+00,  0.000000E+00,  0.000000E+00
  2.155000E+03,  4.496374E-12,  0.000000E+00,  0.000000E+00,  0.000000E+00
  2.165000E+03,  3.731113E-12,  0.000000E+00,  0.000000E+00,  0.000000E+00
  2.175000E+03,  3.845472E-12,  0.000000E+00,  0.000000E+00,  0.000000E+00
  2.185000E+03,  5.444308E-12,  0.000000E+00,  0.000000E+00,  0.000000E+00
  2.195000E+03,  5.347025E-12,  0.000000E+00,  0.000000E+00,  0.000000E+00
  2.205000E+03,  4.996151E-12,  0.000000E+00,  0.000000E+00,  0.000000E+00
  2.215000E+03,  3.381256E-12,  0.000000E+00,  0.000000E+00,  0.000000E+00
  2.225000E+03,  4.496792E-12,  0.000000E+00,  0.000000E+00,  0.000000E+00
  2.235000E+03,  6.441804E-12,  0.000000E+00,  0.000000E+00,  0.000000E+00
  2.245000E+03,  6.006219E-12,  0.000000E+00,  0.000000E+00,  0.000000E+00
  2.255000E+03,  4.143016E-12,  0.000000E+00,  0.000000E+00,  0.000000E+00
  2.265000E+03,  3.609930E-12,  0.000000E+00,  0.000000E+00,  0.000000E+00
  2.275000E+03,  4.325663E-12,  0.000000E+00,  0.000000E+00,  0.000000E+00
  2.285000E+03,  6.154900E-12,  0.000000E+00,  0.000000E+00,  0.000000E+00
  2.295000E+03,  4.569980E-12,  0.000000E+00,  0.000000E+00,  0.000000E+00
  2.305000E+03,  6.197160E-12,  0.000000E+00,  0.000000E+00,  0.000000E+00
  2.315000E+03,  5.051656E-12,  0.000000E+00,  0.000000E+00,  0.000000E+00
  2.325000E+03,  4.661306E-12,  0.000000E+00,  0.000000E+00,  0.000000E+00
  2.335000E+03,  3.121694E-12,  0.000000E+00,  0.000000E+00,  0.000000E+00
  2.345000E+03,  1.761985E-12,  0.000000E+00,  0.000000E+00,  0.000000E+00
  2.355000E+03,  4.576615E-12,  0.000000E+00,  0.000000E+00,  0.000000E+00
  2.365000E+03,  2.091014E-12,  0.000000E+00,  0.000000E+00,  0.000000E+00
  2.375000E+03,  3.057143E-12,  0.000000E+00,  0.000000E+00,  0.000000E+00
  2.385000E+03,  1.424072E-12,  0.000000E+00,  0.000000E+00,  0.000000E+00
  2.395000E+03,  2.012172E-12,  0.000000E+00,  0.000000E+00,  0.000000E+00
  2.405000E+03,  2.011756E-12,  0.000000E+00,  0.000000E+00,  0.000000E+00
  2.415000E+03,  2.686336E-12,  0.000000E+00,  0.000000E+00,  0.000000E+00
  2.425000E+03,  5.626642E-12,  0.000000E+00,  0.000000E+00,  0.000000E+00
  2.435000E+03,  5.595981E-12,  0.000000E+00,  0.000000E+00,  0.000000E+00
  2.445000E+03,  7.102686E-12,  0.000000E+00,  0.000000E+00,  0.000000E+00
  2.455000E+03,  7.583033E-12,  0.000000E+00,  0.000000E+00,  0.000000E+00
  2.465000E+03,  6.306049E-12,  0.000000E+00,  0.000000E+00,  0.000000E+00
  2.475000E+03,  5.416582E-12,  0.000000E+00,  0.000000E+00,  0.000000E+00
  2.485000E+03,  2.623049E-12,  0.000000E+00,  0.000000E+00,  0.000000E+00
  2.495000E+03,  3.914418E-12,  0.000000E+00,  0.000000E+00,  0.000000E+00
  2.505000E+03,  6.210037E-12,  0.000000E+00,  0.000000E+00,  0.000000E+00
  2.513000E+03,  2.552121E-12,  0.000000E+00,  0.000000E+00,  0.000000E+00
  2.518000E+03,  1.617397E-12,  0.000000E+00,  0.000000E+00,  0.000000E+00
  2.525000E+03,  1.726600E-12,  0.000000E+00,  0.000000E+00,  0.000000E+00
  2.535000E+03,  2.355723E-12,  0.000000E+00,  0.000000E+00,  0.000000E+00
  2.545000E+03,  3.063550E-12,  0.000000E+00,  0.000000E+00,  0.000000E+00
  2.555000E+03,  6.882402E-12,  0.000000E+00,  0.000000E+00,  0.000000E+00
  2.565000E+03,  5.622363E-12,  0.000000E+00,  0.000000E+00,  0.000000E+00
  2.575000E+03,  8.024663E-12,  0.000000E+00,  0.000000E+00,  0.000000E+00
  2.585000E+03,  6.947068E-12,  0.000000E+00,  0.000000E+00,  0.000000E+00
  2.595000E+03,  6.022453E-12,  0.000000E+00,  0.000000E+00,  0.000000E+00
  2.605000E+03,  4.634112E-12,  0.000000E+00,  0.000000E+00,  0.000000E+00
  2.615000E+03,  4.180124E-12,  0.000000E+00,  0.000000E+00,  0.000000E+00
  2.625000E+03,  6.228923E-12,  0.000000E+00,  0.000000E+00,  0.000000E+00
  2.635000E+03,  1.261595E-11,  0.000000E+00,  0.000000E+00,  0.000000E+00
  2.645000E+03,  1.771376E-11,  0.000000E+00,  0.000000E+00,  0.000000E+00
  2.655000E+03,  2.382860E-11,  0.000000E+00,  0.000000E+00,  0.000000E+00
  2.665000E+03,  1.453726E-11,  0.000000E+00,  0.000000E+00,  0.000000E+00
  2.675000E+03,  1.706920E-11,  0.000000E+00,  0.000000E+00,  0.000000E+00
  2.685000E+03,  1.989549E-11,  0.000000E+00,  0.000000E+00,  0.000000E+00
  2.695000E+03,  1.421451E-11,  0.000000E+00,  0.000000E+00,  0.000000E+00
  2.705000E+03,  1.793037E-11,  0.000000E+00,  0.000000E+00,  0.000000E+00
  2.715000E+03,  1.224446E-11,  0.000000E+00,  0.000000E+00,  0.000000E+00
  2.725000E+03,  9.756297E-12,  0.000000E+00,  0.000000E+00,  0.000000E+00
  2.735000E+03,  1.228086E-11,  0.000000E+00,  0.000000E+00,  0.000000E+00
  2.745000E+03,  5.914965E-12,  0.000000E+00,  0.000000E+00,  0.000000E+00
  2.755000E+03,  8.843634E-12,  0.000000E+00,  0.000000E+00,  0.000000E+00
  2.765000E+03,  1.228341E-11,  0.000000E+00,  0.000000E+00,  0.000000E+00
  2.775000E+03,  1.310633E-11,  0.000000E+00,  0.000000E+00,  0.000000E+00
  2.785000E+03,  6.421998E-12,  0.000000E+00,  0.000000E+00,  0.000000E+00
  2.795000E+03,  2.365008E-12,  0.000000E+00,  0.000000E+00,  0.000000E+00
  2.805000E+03,  3.018135E-12,  0.000000E+00,  0.000000E+00,  0.000000E+00
  2.815000E+03,  1.104883E-11,  0.000000E+00,  0.000000E+00,  0.000000E+00
  2.825000E+03,  1.844804E-11,  0.000000E+00,  0.000000E+00,  0.000000E+00
  2.835000E+03,  1.708229E-11,  0.000000E+00,  0.000000E+00,  0.000000E+00
  2.845000E+03,  1.066309E-11,  0.000000E+00,  0.000000E+00,  0.000000E+00
  2.855000E+03,  4.815074E-12,  0.000000E+00,  0.000000E+00,  0.000000E+00
  2.865000E+03,  1.565129E-11,  0.000000E+00,  0.000000E+00,  0.000000E+00
  2.875000E+03,  2.207398E-11,  0.000000E+00,  0.000000E+00,  0.000000E+00
  2.885000E+03,  1.928631E-11,  0.000000E+00,  0.000000E+00,  0.000000E+00
  2.895000E+03,  2.321943E-11,  0.000000E+00,  0.000000E+00,  0.000000E+00
  2.910000E+03,  3.074494E-11,  0.000000E+00,  0.000000E+00,  0.000000E+00
  2.930000E+03,  2.723657E-11,  0.000000E+00,  0.000000E+00,  0.000000E+00
  2.950000E+03,  2.638893E-11,  0.000000E+00,  0.000000E+00,  0.000000E+00
  2.970000E+03,  2.833523E-11,  0.000000E+00,  0.000000E+00,  0.000000E+00
  2.990000E+03,  2.805993E-11,  0.000000E+00,  0.000000E+00,  0.000000E+00
  3.010000E+03,  2.898184E-11,  0.000000E+00,  0.000000E+00,  0.000000E+00
  3.030000E+03,  3.041516E-11,  0.000000E+00,  0.000000E+00,  0.000000E+00
  3.050000E+03,  3.173024E-11,  0.000000E+00,  0.000000E+00,  0.000000E+00
  3.070000E+03,  3.193905E-11,  0.000000E+00,  0.000000E+00,  0.000000E+00
  3.090000E+03,  3.079251E-11,  0.000000E+00,  0.000000E+00,  0.000000E+00
  3.110000E+03,  3.323548E-11,  0.000000E+00,  0.000000E+00,  0.000000E+00
  3.130000E+03,  3.184677E-11,  0.000000E+00,  0.000000E+00,  0.000000E+00
  3.150000E+03,  3.032371E-11,  0.000000E+00,  0.000000E+00,  0.000000E+00
  3.170000E+03,  3.281596E-11,  0.000000E+00,  0.000000E+00,  0.000000E+00
  3.190000E+03,  2.939418E-11,  0.000000E+00,  0.000000E+00,  0.000000E+00
  3.210000E+03,  3.282779E-11,  0.000000E+00,  0.000000E+00,  0.000000E+00
  3.230000E+03,  2.744974E-11,  0.000000E+00,  0.000000E+00,  0.000000E+00
  3.250000E+03,  3.640580E-11,  0.000000E+00,  0.000000E+00,  0.000000E+00
  3.270000E+03,  4.215930E-11,  0.000000E+00,  0.000000E+00,  0.000000E+00
  3.290000E+03,  4.073044E-11,  0.000000E+00,  0.000000E+00,  0.000000E+00
  3.310000E+03,  3.953643E-11,  0.000000E+00,  0.000000E+00,  0.000000E+00
  3.330000E+03,  3.973837E-11,  0.000000E+00,  0.000000E+00,  0.000000E+00
  3.350000E+03,  3.871943E-11,  0.000000E+00,  0.000000E+00,  0.000000E+00
  3.370000E+03,  3.077438E-11,  0.000000E+00,  0.000000E+00,  0.000000E+00
  3.390000E+03,  3.549533E-11,  0.000000E+00,  0.000000E+00,  0.000000E+00
  3.410000E+03,  3.627716E-11,  0.000000E+00,  0.000000E+00,  0.000000E+00
  3.430000E+03,  3.793435E-11,  0.000000E+00,  0.000000E+00,  0.000000E+00
  3.450000E+03,  3.934520E-11,  0.000000E+00,  0.000000E+00,  0.000000E+00
  3.470000E+03,  4.033504E-11,  0.000000E+00,  0.000000E+00,  0.000000E+00
  3.490000E+03,  4.303255E-11,  0.000000E+00,  0.000000E+00,  0.000000E+00
  3.510000E+03,  4.481085E-11,  0.000000E+00,  0.000000E+00,  0.000000E+00
  3.530000E+03,  4.177598E-11,  0.000000E+00,  0.000000E+00,  0.000000E+00
  3.550000E+03,  4.812900E-11,  0.000000E+00,  0.000000E+00,  0.000000E+00
  3.570000E+03,  3.756805E-11,  0.000000E+00,  0.000000E+00,  0.000000E+00
  3.590000E+03,  3.750999E-11,  0.000000E+00,  0.000000E+00,  0.000000E+00
  3.610000E+03,  4.127418E-11,  0.000000E+00,  0.000000E+00,  0.000000E+00
  3.630000E+03,  4.167727E-11,  0.000000E+00,  0.000000E+00,  0.000000E+00
  3.640000E+03,  4.204133E-11,  0.000000E+00,  0.000000E+00,  0.000000E+00
  3.650000E+03,  4.735173E-11,  0.000000E+00,  0.000000E+00,  0.000000E+00
  3.670000E+03,  4.797773E-11,  0.000000E+00,  0.000000E+00,  0.000000E+00
  3.690000E+03,  4.631340E-11,  0.000000E+00,  0.000000E+00,  0.000000E+00
  3.710000E+03,  4.853344E-11,  0.000000E+00,  0.000000E+00,  0.000000E+00
  3.730000E+03,  3.920765E-11,  0.000000E+00,  0.000000E+00,  0.000000E+00
  3.750000E+03,  4.361769E-11,  0.000000E+00,  0.000000E+00,  0.000000E+00
  3.770000E+03,  5.027804E-11,  0.000000E+00,  0.000000E+00,  0.000000E+00
  3.790000E+03,  5.288033E-11,  0.000000E+00,  0.000000E+00,  0.000000E+00
  3.810000E+03,  5.365809E-11,  0.000000E+00,  0.000000E+00,  0.000000E+00
  3.830000E+03,  3.602360E-11,  0.000000E+00,  0.000000E+00,  0.000000E+00
  3.850000E+03,  4.747626E-11,  0.000000E+00,  0.000000E+00,  0.000000E+00
  3.870000E+03,  4.670559E-11,  0.000000E+00,  0.000000E+00,  0.000000E+00
  3.890000E+03,  4.838579E-11,  0.000000E+00,  0.000000E+00,  0.000000E+00
  3.910000E+03,  5.578429E-11,  0.000000E+00,  0.000000E+00,  0.000000E+00
  3.930000E+03,  3.050528E-11,  0.000000E+00,  0.000000E+00,  0.000000E+00
  3.950000E+03,  5.038411E-11,  0.000000E+00,  0.000000E+00,  0.000000E+00
  3.970000E+03,  3.468646E-11,  0.000000E+00,  0.000000E+00,  0.000000E+00
  3.990000E+03,  6.470580E-11,  0.000000E+00,  0.000000E+00,  0.000000E+00
  4.010000E+03,  6.871664E-11,  0.000000E+00,  0.000000E+00,  0.000000E+00
  4.030000E+03,  6.839363E-11,  0.000000E+00,  0.000000E+00,  0.000000E+00
  4.050000E+03,  6.636134E-11,  0.000000E+00,  0.000000E+00,  0.000000E+00
  4.070000E+03,  6.484283E-11,  0.000000E+00,  0.000000E+00,  0.000000E+00
  4.090000E+03,  7.112114E-11,  0.000000E+00,  0.000000E+00,  0.000000E+00
  4.110000E+03,  6.738664E-11,  0.000000E+00,  0.000000E+00,  0.000000E+00
  4.130000E+03,  7.053725E-11,  0.000000E+00,  0.000000E+00,  0.000000E+00
  4.150000E+03,  7.117899E-11,  0.000000E+00,  0.000000E+00,  0.000000E+00
  4.170000E+03,  7.123820E-11,  0.000000E+00,  0.000000E+00,  0.000000E+00
  4.190000E+03,  6.825324E-11,  0.000000E+00,  0.000000E+00,  0.000000E+00
  4.210000E+03,  6.873281E-11,  0.000000E+00,  0.000000E+00,  0.000000E+00
  4.230000E+03,  6.574789E-11,  0.000000E+00,  0.000000E+00,  0.000000E+00
  4.250000E+03,  6.676461E-11,  0.000000E+00,  0.000000E+00,  0.000000E+00
  4.270000E+03,  6.306498E-11,  0.000000E+00,  0.000000E+00,  0.000000E+00
  4.290000E+03,  5.772520E-11,  0.000000E+00,  0.000000E+00,  0.000000E+00
  4.310000E+03,  4.854811E-11,  0.000000E+00,  0.000000E+00,  0.000000E+00
  4.330000E+03,  6.690349E-11,  0.000000E+00,  0.000000E+00,  0.000000E+00
  4.350000E+03,  6.326247E-11,  0.000000E+00,  0.000000E+00,  0.000000E+00
  4.370000E+03,  7.065600E-11,  0.000000E+00,  0.000000E+00,  0.000000E+00
  4.390000E+03,  6.532499E-11,  0.000000E+00,  0.000000E+00,  0.000000E+00
  4.410000E+03,  6.949185E-11,  0.000000E+00,  0.000000E+00,  0.000000E+00
  4.430000E+03,  7.302728E-11,  0.000000E+00,  0.000000E+00,  0.000000E+00
  4.450000E+03,  7.225498E-11,  0.000000E+00,  0.000000E+00,  0.000000E+00
  4.470000E+03,  7.522749E-11,  0.000000E+00,  0.000000E+00,  0.000000E+00
  4.490000E+03,  7.582026E-11,  0.000000E+00,  0.000000E+00,  0.000000E+00
  4.510000E+03,  8.166361E-11,  0.000000E+00,  0.000000E+00,  0.000000E+00
  4.530000E+03,  7.495468E-11,  0.000000E+00,  0.000000E+00,  0.000000E+00
  4.550000E+03,  7.681158E-11,  0.000000E+00,  0.000000E+00,  0.000000E+00
  4.570000E+03,  8.096981E-11,  0.000000E+00,  0.000000E+00,  0.000000E+00
  4.590000E+03,  7.690909E-11,  0.000000E+00,  0.000000E+00,  0.000000E+00
  4.610000E+03,  7.858294E-11,  7.858294E-14,  0.000000E+00,  0.000000E+00
  4.630000E+03,  7.748373E-11,  2.324512E-13,  0.000000E+00,  0.000000E+00
  4.650000E+03,  7.811899E-11,  3.905949E-13,  0.000000E+00,  0.000000E+00
  4.670000E+03,  7.974866E-11,  5.582406E-13,  0.000000E+00,  0.000000E+00
  4.690000E+03,  7.825905E-11,  7.043315E-13,  0.000000E+00,  0.000000E+00
  4.710000E+03,  7.546411E-11,  8.301052E-13,  0.000000E+00,  0.000000E+00
  4.730000E+03,  7.863994E-11,  1.022319E-12,  0.000000E+00,  0.000000E+00
  4.750000E+03,  7.948809E-11,  1.192321E-12,  0.000000E+00,  0.000000E+00
  4.770000E+03,  7.934527E-11,  1.348870E-12,  0.000000E+00,  0.000000E+00
  4.790000E+03,  7.890257E-11,  1.499149E-12,  0.000000E+00,  0.000000E+00
  4.810000E+03,  7.820149E-11,  2.971657E-12,  0.000000E+00,  0.000000E+00
  4.830000E+03,  7.883844E-11,  5.834045E-12,  0.000000E+00,  0.000000E+00
  4.850000E+03,  7.405158E-11,  8.145674E-12,  0.000000E+00,  0.000000E+00
  4.870000E+03,  6.578412E-11,  9.604481E-12,  0.000000E+00,  0.000000E+00
  4.890000E+03,  7.534544E-11,  1.371287E-11,  0.000000E+00,  0.000000E+00
  4.910000E+03,  7.528339E-11,  1.641178E-11,  0.000000E+00,  0.000000E+00
  4.930000E+03,  7.389542E-11,  1.876944E-11,  0.000000E+00,  0.000000E+00
  4.950000E+03,  7.629071E-11,  2.212431E-11,  0.000000E+00,  0.000000E+00
  4.970000E+03,  7.701196E-11,  2.510590E-11,  0.000000E+00,  0.000000E+00
  4.990000E+03,  7.236694E-11,  2.619683E-11,  0.000000E+00,  0.000000E+00
  5.010000E+03,  6.970671E-11,  2.833578E-11,  0.000000E+00,  0.000000E+00
  5.030000E+03,  7.326697E-11,  3.366617E-11,  0.000000E+00,  0.000000E+00
  5.050000E+03,  7.305272E-11,  3.743952E-11,  0.000000E+00,  0.000000E+00
  5.070000E+03,  7.546282E-11,  4.267422E-11,  0.000000E+00,  0.000000E+00
  5.090000E+03,  7.295567E-11,  4.512308E-11,  0.000000E+00,  0.000000E+00
  5.110000E+03,  7.384669E-11,  4.958805E-11,  0.000000E+00,  0.000000E+00
  5.130000E+03,  7.223576E-11,  5.233481E-11,  0.000000E+00,  0.000000E+00
  5.150000E+03,  7.006999E-11,  5.447942E-11,  0.000000E+00,  0.000000E+00
  5.170000E+03,  6.494061E-11,  5.393318E-11,  0.000000E+00,  0.000000E+00
  5.190000E+03,  6.527066E-11,  5.766663E-11,  0.000000E+00,  0.000000E+00
  5.210000E+03,  6.983341E-11,  6.379282E-11,  0.000000E+00,  0.000000E+00
  5.230000E+03,  7.065960E-11,  6.504216E-11,  0.000000E+00,  0.000000E+00
  5.250000E+03,  7.237044E-11,  6.712358E-11,  0.000000E+00,  0.000000E+00
  5.270000E+03,  6.532315E-11,  6.104448E-11,  0.000000E+00,  0.000000E+00
  5.290000E+03,  7.157989E-11,  6.739247E-11,  0.000000E+00,  0.000000E+00
  5.310000E+03,  7.321213E-11,  6.944171E-11,  0.000000E+00,  0.000000E+00
  5.330000E+03,  6.741997E-11,  6.441979E-11,  0.000000E+00,  0.000000E+00
  5.350000E+03,  7.138351E-11,  6.870663E-11,  0.000000E+00,  0.000000E+00
  5.370000E+03,  7.113690E-11,  6.896722E-11,  0.000000E+00,  0.000000E+00
  5.390000E+03,  7.042443E-11,  6.876945E-11,  0.000000E+00,  0.000000E+00
  5.410000E+03,  6.832386E-11,  6.606917E-11,  0.000000E+00,  0.000000E+00
  5.430000E+03,  6.978932E-11,  6.567175E-11,  0.000000E+00,  0.000000E+00
  5.450000E+03,  7.109859E-11,  6.505521E-11,  0.000000E+00,  0.000000E+00
  5.470000E+03,  6.991547E-11,  6.215485E-11,  0.000000E+00,  0.000000E+00
  5.490000E+03,  6.949787E-11,  5.997666E-11,  0.000000E+00,  0.000000E+00
  5.510000E+03,  6.947448E-11,  5.815014E-11,  0.000000E+00,  0.000000E+00
  5.530000E+03,  6.967803E-11,  5.650888E-11,  0.000000E+00,  0.000000E+00
  5.550000E+03,  7.031618E-11,  5.519820E-11,  0.000000E+00,  0.000000E+00
  5.570000E+03,  6.848380E-11,  5.197920E-11,  0.000000E+00,  0.000000E+00
  5.590000E+03,  6.730130E-11,  4.933185E-11,  0.000000E+00,  0.000000E+00
  5.610000E+03,  6.868610E-11,  4.911056E-11,  0.000000E+00,  0.000000E+00
  5.630000E+03,  6.896359E-11,  4.861933E-11,  0.000000E+00,  0.000000E+00
  5.650000E+03,  6.862165E-11,  4.769205E-11,  0.000000E+00,  0.000000E+00
  5.670000E+03,  6.717252E-11,  4.601318E-11,  0.000000E+00,  0.000000E+00
  5.690000E+03,  6.788664E-11,  4.582348E-11,  0.000000E+00,  0.000000E+00
  5.710000E+03,  6.671765E-11,  4.436724E-11,  0.000000E+00,  0.000000E+00
  5.730000E+03,  6.969287E-11,  4.564883E-11,  0.000000E+00,  0.000000E+00
  5.750000E+03,  6.783427E-11,  4.375310E-11,  0.000000E+00,  0.000000E+00
  5.770000E+03,  6.821676E-11,  4.331764E-11,  0.000000E+00,  0.000000E+00
  5.790000E+03,  6.673151E-11,  4.170719E-11,  0.000000E+00,  0.000000E+00
  5.810000E+03,  6.765328E-11,  4.120085E-11,  0.000000E+00,  0.000000E+00
  5.830000E+03,  6.812169E-11,  3.998743E-11,  0.000000E+00,  0.000000E+00
  5.850000E+03,  6.678522E-11,  3.773365E-11,  0.000000E+00,  0.000000E+00
  5.870000E+03,  6.675301E-11,  3.624689E-11,  0.000000E+00,  0.000000E+00
  5.890000E+03,  6.303997E-11,  3.284383E-11,  0.000000E+00,  0.000000E+00
  5.910000E+03,  6.602331E-11,  3.294563E-11,  0.000000E+00,  0.000000E+00
  5.930000E+03,  6.574190E-11,  3.135889E-11,  0.000000E+00,  0.000000E+00
  5.950000E+03,  6.572770E-11,  2.990610E-11,  0.000000E+00,  0.000000E+00
  5.970000E+03,  6.563615E-11,  2.842045E-11,  0.000000E+00,  0.000000E+00
  5.990000E+03,  6.501460E-11,  2.672100E-11,  0.000000E+00,  0.000000E+00
  6.010000E+03,  6.407249E-11,  2.498827E-11,  0.000000E+00,  0.000000E+00
  6.030000E+03,  6.400266E-11,  2.368099E-11,  0.000000E+00,  0.000000E+00
  6.050000E+03,  6.481851E-11,  2.268648E-11,  0.000000E+00,  0.000000E+00
  6.070000E+03,  6.440452E-11,  2.125349E-11,  0.000000E+00,  0.000000E+00
  6.090000E+03,  6.322948E-11,  1.960114E-11,  0.000000E+00,  0.000000E+00
  6.110000E+03,  6.260475E-11,  1.815538E-11,  0.000000E+00,  0.000000E+00
  6.130000E+03,  6.071827E-11,  1.639393E-11,  0.000000E+00,  0.000000E+00
  6.150000E+03,  6.118695E-11,  1.529674E-11,  0.000000E+00,  0.000000E+00
  6.170000E+03,  5.960564E-11,  1.370930E-11,  0.000000E+00,  0.000000E+00
  6.190000E+03,  6.186601E-11,  1.299186E-11,  0.000000E+00,  0.000000E+00
  6.210000E+03,  6.186465E-11,  1.200174E-11,  0.000000E+00,  0.000000E+00
  6.230000E+03,  6.047529E-11,  1.100650E-11,  0.000000E+00,  0.000000E+00
  6.250000E+03,  5.883182E-11,  1.000141E-11,  0.000000E+00,  0.000000E+00
  6.270000E+03,  6.083764E-11,  9.612347E-12,  0.000000E+00,  0.000000E+00
  6.290000E+03,  6.085816E-11,  8.885291E-12,  0.000000E+00,  0.000000E+00
  6.310000E+03,  5.928337E-11,  7.943972E-12,  0.000000E+00,  0.000000E+00
  6.330000E+03,  5.939260E-11,  7.245898E-12,  0.000000E+00,  0.000000E+00
  6.350000E+03,  5.939559E-11,  6.533515E-12,  0.000000E+00,  0.000000E+00
  6.370000E+03,  5.908556E-11,  5.790385E-12,  0.000000E+00,  0.000000E+00
  6.390000E+03,  5.921941E-11,  5.092869E-12,  0.000000E+00,  0.000000E+00
  6.410000E+03,  5.795216E-11,  4.462316E-12,  0.000000E+00,  0.000000E+00
  6.430000E+03,  5.832337E-11,  4.140960E-12,  0.000000E+00,  0.000000E+00
  6.450000E+03,  5.761295E-11,  3.744842E-12,  0.000000E+00,  0.000000E+00
  6.470000E+03,  5.742051E-11,  3.387810E-12,  0.000000E+00,  0.000000E+00
  6.490000E+03,  5.659977E-11,  2.999788E-12,  0.000000E+00,  0.000000E+00
  6.510000E+03,  5.748724E-11,  2.701900E-12,  0.000000E+00,  0.000000E+00
  6.530000E+03,  5.731654E-11,  2.349978E-12,  0.000000E+00,  0.000000E+00
  6.550000E+03,  5.529288E-11,  1.935251E-12,  0.000000E+00,  0.000000E+00
  6.570000E+03,  4.916870E-11,  1.425892E-12,  0.000000E+00,  0.000000E+00
  6.590000E+03,  5.586649E-11,  1.284929E-12,  0.000000E+00,  0.000000E+00
  6.610000E+03,  5.650003E-11,  1.101751E-12,  0.000000E+00,  0.000000E+00
  6.630000E+03,  5.613031E-11,  1.038411E-12,  0.000000E+00,  0.000000E+00
  6.650000E+03,  5.590306E-11,  9.783035E-13,  0.000000E+00,  0.000000E+00
  6.670000E+03,  5.525087E-11,  9.116393E-13,  0.000000E+00,  0.000000E+00
  6.690000E+03,  5.572788E-11,  8.637822E-13,  0.000000E+00,  0.000000E+00
  6.710000E+03,  5.480517E-11,  7.946750E-13,  0.000000E+00,  0.000000E+00
  6.730000E+03,  5.507864E-11,  7.435616E-13,  0.000000E+00,  0.000000E+00
  6.750000E+03,  5.446442E-11,  6.808053E-13,  0.000000E+00,  0.000000E+00
  6.770000E+03,  5.434221E-11,  6.249354E-13,  0.000000E+00,  0.000000E+00
  6.790000E+03,  5.405795E-11,  5.676085E-13,  0.000000E+00,  0.000000E+00
  6.810000E+03,  5.366633E-11,  5.366633E-13,  0.000000E+00,  0.000000E+00
  6.830000E+03,  5.373694E-11,  5.373694E-13,  0.000000E+00,  0.000000E+00
  6.850000E+03,  5.278900E-11,  5.278900E-13,  0.000000E+00,  0.000000E+00
  6.870000E+03,  5.302189E-11,  5.302189E-13,  0.000000E+00,  0.000000E+00
  6.890000E+03,  5.292992E-11,  5.292992E-13,  0.000000E+00,  0.000000E+00
  6.910000E+03,  5.253525E-11,  5.253525E-13,  0.000000E+00,  0.000000E+00
  6.930000E+03,  5.229400E-11,  5.229400E-13,  0.000000E+00,  0.000000E+00
  6.950000E+03,  5.201404E-11,  5.201404E-13,  0.000000E+00,  0.000000E+00
  6.970000E+03,  5.188432E-11,  5.188432E-13,  0.000000E+00,  0.000000E+00
  6.990000E+03,  5.163375E-11,  5.163375E-13,  0.000000E+00,  0.000000E+00
  7.010000E+03,  5.039528E-11,  5.039528E-13,  0.000000E+00,  0.000000E+00
  7.030000E+03,  5.086244E-11,  5.086244E-13,  0.000000E+00,  0.000000E+00
  7.050000E+03,  5.086677E-11,  5.086677E-13,  0.000000E+00,  0.000000E+00
  7.070000E+03,  5.043535E-11,  5.043535E-13,  0.000000E+00,  0.000000E+00
  7.090000E+03,  5.015197E-11,  5.015197E-13,  0.000000E+00,  0.000000E+00
  7.110000E+03,  4.999578E-11,  4.999578E-13,  0.000000E+00,  0.000000E+00
  7.130000E+03,  4.941506E-11,  4.941506E-13,  0.000000E+00,  0.000000E+00
  7.150000E+03,  4.907625E-11,  4.907625E-13,  0.000000E+00,  0.000000E+00
  7.170000E+03,  4.886841E-11,  4.886841E-13,  0.000000E+00,  0.000000E+00
  7.190000E+03,  4.784712E-11,  4.784712E-13,  0.000000E+00,  0.000000E+00
  7.210000E+03,  4.834949E-11,  4.593202E-13,  0.000000E+00,  0.000000E+00
  7.230000E+03,  4.823677E-11,  4.100126E-13,  0.000000E+00,  0.000000E+00
  7.250000E+03,  4.827921E-11,  3.620941E-13,  0.000000E+00,  0.000000E+00
  7.270000E+03,  4.806182E-11,  3.124019E-13,  0.000000E+00,  0.000000E+00
  7.290000E+03,  4.699084E-11,  2.584496E-13,  0.000000E+00,  0.000000E+00
  7.310000E+03,  4.741534E-11,  2.133690E-13,  0.000000E+00,  0.000000E+00
  7.330000E+03,  4.714908E-11,  1.650218E-13,  0.000000E+00,  0.000000E+00
  7.350000E+03,  4.717440E-11,  1.179360E-13,  0.000000E+00,  0.000000E+00
  7.370000E+03,  4.706490E-11,  7.059735E-14,  0.000000E+00,  0.000000E+00
  7.390000E+03,  4.607341E-11,  2.303670E-14,  0.000000E+00,  0.000000E+00
  7.410000E+03,  4.543963E-11,  0.000000E+00,  0.000000E+00,  0.000000E+00
  7.430000E+03,  4.574310E-11,  0.000000E+00,  0.000000E+00,  0.000000E+00
  7.450000E+03,  4.571242E-11,  0.000000E+00,  0.000000E+00,  0.000000E+00
  7.470000E+03,  4.583645E-11,  0.000000E+00,  0.000000E+00,  0.000000E+00
  7.490000E+03,  4.537677E-11,  0.000000E+00,  0.000000E+00,  0.000000E+00
  7.510000E+03,  4.529207E-11,  0.000000E+00,  0.000000E+00,  0.000000E+00
  7.530000E+03,  4.518069E-11,  0.000000E+00,  0.000000E+00,  0.000000E+00
  7.550000E+03,  4.514745E-11,  0.000000E+00,  0.000000E+00,  0.000000E+00
  7.570000E+03,  4.469284E-11,  0.000000E+00,  0.000000E+00,  0.000000E+00
  7.590000E+03,  4.451500E-11,  0.000000E+00,  0.000000E+00,  0.000000E+00
  7.610000E+03,  4.421677E-11,  0.000000E+00,  0.000000E+00,  0.000000E+00
  7.630000E+03,  4.423374E-11,  0.000000E+00,  0.000000E+00,  0.000000E+00
  7.650000E+03,  4.397455E-11,  0.000000E+00,  0.000000E+00,  0.000000E+00
  7.670000E+03,  4.301085E-11,  0.000000E+00,  0.000000E+00,  0.000000E+00
  7.690000E+03,  4.350411E-11,  0.000000E+00,  0.000000E+00,  0.000000E+00
  7.710000E+03,  4.301575E-11,  0.000000E+00,  0.000000E+00,  0.000000E+00
  7.730000E+03,  4.297791E-11,  0.000000E+00,  0.000000E+00,  0.000000E+00
  7.750000E+03,  4.245817E-11,  0.000000E+00,  0.000000E+00,  0.000000E+00
  7.770000E+03,  4.266134E-11,  0.000000E+00,  0.000000E+00,  0.000000E+00
  7.790000E+03,  4.266282E-11,  0.000000E+00,  0.000000E+00,  0.000000E+00
  7.810000E+03,  4.238664E-11,  0.000000E+00,  0.000000E+00,  0.000000E+00
  7.830000E+03,  4.191593E-11,  0.000000E+00,  0.000000E+00,  0.000000E+00
  7.850000E+03,  4.178586E-11,  0.000000E+00,  0.000000E+00,  0.000000E+00
  7.870000E+03,  4.192027E-11,  0.000000E+00,  0.000000E+00,  0.000000E+00
  7.890000E+03,  4.166020E-11,  0.000000E+00,  0.000000E+00,  0.000000E+00
  7.910000E+03,  4.118356E-11,  0.000000E+00,  0.000000E+00,  0.000000E+00
  7.930000E+03,  4.045688E-11,  0.000000E+00,  0.000000E+00,  0.000000E+00
  7.950000E+03,  4.044423E-11,  0.000000E+00,  0.000000E+00,  0.000000E+00
  7.970000E+03,  4.083176E-11,  0.000000E+00,  0.000000E+00,  0.000000E+00
  7.990000E+03,  4.071496E-11,  0.000000E+00,  0.000000E+00,  0.000000E+00
  8.010000E+03,  4.020440E-11,  0.000000E+00,  0.000000E+00,  0.000000E+00
  8.030000E+03,  4.004818E-11,  0.000000E+00,  0.000000E+00,  0.000000E+00
  8.050000E+03,  3.970918E-11,  0.000000E+00,  0.000000E+00,  0.000000E+00
  8.070000E+03,  3.984080E-11,  0.000000E+00,  0.000000E+00,  0.000000E+00
  8.090000E+03,  3.922142E-11,  0.000000E+00,  0.000000E+00,  0.000000E+00
  8.110000E+03,  3.941946E-11,  0.000000E+00,  0.000000E+00,  0.000000E+00
  8.130000E+03,  3.940251E-11,  0.000000E+00,  0.000000E+00,  0.000000E+00
  8.150000E+03,  3.912679E-11,  0.000000E+00,  0.000000E+00,  0.000000E+00
  8.170000E+03,  3.893630E-11,  0.000000E+00,  0.000000E+00,  0.000000E+00
  8.190000E+03,  3.792317E-11,  0.000000E+00,  0.000000E+00,  0.000000E+00
  8.210000E+03,  3.795689E-11,  0.000000E+00,  0.000000E+00,  0.000000E+00
  8.230000E+03,  3.779434E-11,  0.000000E+00,  0.000000E+00,  0.000000E+00
  8.250000E+03,  3.790554E-11,  0.000000E+00,  0.000000E+00,  0.000000E+00
  8.270000E+03,  3.808044E-11,  0.000000E+00,  0.000000E+00,  0.000000E+00
  8.290000E+03,  3.782320E-11,  0.000000E+00,  0.000000E+00,  0.000000E+00
  8.310000E+03,  3.721797E-11,  0.000000E+00,  0.000000E+00,  0.000000E+00
  8.330000E+03,  3.689423E-11,  0.000000E+00,  0.000000E+00,  0.000000E+00
  8.350000E+03,  3.702415E-11,  0.000000E+00,  0.000000E+00,  0.000000E+00
  8.370000E+03,  3.705192E-11,  0.000000E+00,  0.000000E+00,  0.000000E+00
  8.390000E+03,  3.645396E-11,  0.000000E+00,  0.000000E+00,  0.000000E+00
  8.410000E+03,  3.674610E-11,  0.000000E+00,  0.000000E+00,  0.000000E+00
  8.430000E+03,  3.613540E-11,  0.000000E+00,  0.000000E+00,  0.000000E+00
  8.450000E+03,  3.611671E-11,  0.000000E+00,  0.000000E+00,  0.000000E+00
  8.470000E+03,  3.586120E-11,  0.000000E+00,  0.000000E+00,  0.000000E+00
  8.490000E+03,  3.542260E-11,  0.000000E+00,  0.000000E+00,  0.000000E+00
  8.510000E+03,  3.389563E-11,  0.000000E+00,  0.000000E+00,  0.000000E+00
  8.530000E+03,  3.487539E-11,  0.000000E+00,  0.000000E+00,  0.000000E+00
  8.550000E+03,  3.026645E-11,  0.000000E+00,  0.000000E+00,  0.000000E+00
  8.570000E+03,  3.540198E-11,  0.000000E+00,  0.000000E+00,  0.000000E+00
  8.590000E+03,  3.475587E-11,  0.000000E+00,  0.000000E+00,  0.000000E+00
  8.610000E+03,  3.457251E-11,  0.000000E+00,  0.000000E+00,  0.000000E+00
  8.630000E+03,  3.487301E-11,  0.000000E+00,  0.000000E+00,  0.000000E+00
  8.650000E+03,  3.434724E-11,  0.000000E+00,  0.000000E+00,  0.000000E+00
  8.670000E+03,  2.998591E-11,  0.000000E+00,  0.000000E+00,  0.000000E+00
  8.690000E+03,  3.365551E-11,  0.000000E+00,  0.000000E+00,  0.000000E+00
  8.710000E+03,  3.408394E-11,  0.000000E+00,  0.000000E+00,  0.000000E+00
  8.730000E+03,  3.387352E-11,  0.000000E+00,  0.000000E+00,  0.000000E+00
  8.750000E+03,  3.282742E-11,  0.000000E+00,  0.000000E+00,  0.000000E+00
  8.770000E+03,  3.370567E-11,  0.000000E+00,  0.000000E+00,  0.000000E+00
  8.790000E+03,  3.352301E-11,  0.000000E+00,  0.000000E+00,  0.000000E+00
  8.810000E+03,  3.289746E-11,  0.000000E+00,  0.000000E+00,  0.000000E+00
  8.830000E+03,  3.314172E-11,  0.000000E+00,  0.000000E+00,  0.000000E+00
  8.850000E+03,  3.285941E-11,  0.000000E+00,  0.000000E+00,  0.000000E+00
  8.870000E+03,  3.167506E-11,  0.000000E+00,  0.000000E+00,  0.000000E+00
  8.890000E+03,  3.288177E-11,  0.000000E+00,  0.000000E+00,  0.000000E+00
  8.910000E+03,  3.286742E-11,  0.000000E+00,  0.000000E+00,  0.000000E+00
  8.930000E+03,  3.234331E-11,  0.000000E+00,  0.000000E+00,  0.000000E+00
  8.950000E+03,  3.234018E-11,  0.000000E+00,  0.000000E+00,  0.000000E+00
  8.970000E+03,  3.227888E-11,  0.000000E+00,  0.000000E+00,  0.000000E+00
  8.990000E+03,  3.219620E-11,  0.000000E+00,  0.000000E+00,  0.000000E+00
  9.010000E+03,  3.032006E-11,  0.000000E+00,  0.000000E+00,  0.000000E+00
  9.030000E+03,  3.142906E-11,  0.000000E+00,  0.000000E+00,  0.000000E+00
  9.050000E+03,  3.194044E-11,  0.000000E+00,  0.000000E+00,  0.000000E+00
  9.070000E+03,  3.134416E-11,  0.000000E+00,  0.000000E+00,  0.000000E+00
  9.090000E+03,  3.059438E-11,  0.000000E+00,  0.000000E+00,  0.000000E+00
  9.110000E+03,  3.091795E-11,  0.000000E+00,  0.000000E+00,  0.000000E+00
  9.130000E+03,  3.127243E-11,  0.000000E+00,  0.000000E+00,  0.000000E+00
  9.150000E+03,  3.104388E-11,  0.000000E+00,  0.000000E+00,  0.000000E+00
  9.170000E+03,  3.084605E-11,  0.000000E+00,  0.000000E+00,  0.000000E+00
  9.190000E+03,  3.082690E-11,  0.000000E+00,  0.000000E+00,  0.000000E+00
  9.210000E+03,  3.003139E-11,  0.000000E+00,  0.000000E+00,  0.000000E+00
  9.230000E+03,  2.867714E-11,  0.000000E+00,  0.000000E+00,  0.000000E+00
  9.250000E+03,  2.956361E-11,  0.000000E+00,  0.000000E+00,  0.000000E+00
  9.270000E+03,  2.994657E-11,  0.000000E+00,  0.000000E+00,  0.000000E+00
  9.290000E+03,  2.999965E-11,  0.000000E+00,  0.000000E+00,  0.000000E+00
  9.310000E+03,  3.000079E-11,  0.000000E+00,  0.000000E+00,  0.000000E+00
  9.330000E+03,  2.979584E-11,  0.000000E+00,  0.000000E+00,  0.000000E+00
  9.350000E+03,  2.964594E-11,  0.000000E+00,  0.000000E+00,  0.000000E+00
  9.370000E+03,  2.949000E-11,  0.000000E+00,  0.000000E+00,  0.000000E+00
  9.390000E+03,  2.939048E-11,  0.000000E+00,  0.000000E+00,  0.000000E+00
  9.410000E+03,  2.829878E-11,  0.000000E+00,  0.000000E+00,  0.000000E+00
  9.430000E+03,  2.894229E-11,  0.000000E+00,  0.000000E+00,  0.000000E+00
  9.450000E+03,  2.863918E-11,  0.000000E+00,  0.000000E+00,  0.000000E+00
  9.470000E+03,  2.889372E-11,  0.000000E+00,  0.000000E+00,  0.000000E+00
  9.490000E+03,  2.884588E-11,  0.000000E+00,  0.000000E+00,  0.000000E+00
  9.510000E+03,  2.859782E-11,  0.000000E+00,  0.000000E+00,  0.000000E+00
  9.530000E+03,  2.825754E-11,  0.000000E+00,  0.000000E+00,  0.000000E+00
  9.550000E+03,  2.675245E-11,  0.000000E+00,  0.000000E+00,  0.000000E+00
  9.570000E+03,  2.798393E-11,  0.000000E+00,  0.000000E+00,  0.000000E+00
  9.590000E+03,  2.816716E-11,  0.000000E+00,  0.000000E+00,  0.000000E+00
  9.610000E+03,  2.785956E-11,  0.000000E+00,  0.000000E+00,  0.000000E+00
  9.630000E+03,  2.761155E-11,  0.000000E+00,  0.000000E+00,  0.000000E+00
  9.650000E+03,  2.752558E-11,  0.000000E+00,  0.000000E+00,  0.000000E+00
  9.670000E+03,  2.732810E-11,  0.000000E+00,  0.000000E+00,  0.000000E+00
  9.690000E+03,  2.745539E-11,  0.000000E+00,  0.000000E+00,  0.000000E+00
  9.710000E+03,  2.738440E-11,  0.000000E+00,  0.000000E+00,  0.000000E+00
  9.730000E+03,  2.728256E-11,  0.000000E+00,  0.000000E+00,  0.000000E+00
  9.750000E+03,  2.696318E-11,  0.000000E+00,  0.000000E+00,  0.000000E+00
  9.770000E+03,  2.696425E-11,  0.000000E+00,  0.000000E+00,  0.000000E+00
  9.790000E+03,  2.679148E-11,  0.000000E+00,  0.000000E+00,  0.000000E+00
  9.810000E+03,  2.683352E-11,  0.000000E+00,  0.000000E+00,  0.000000E+00
  9.830000E+03,  2.667178E-11,  0.000000E+00,  0.000000E+00,  0.000000E+00
  9.850000E+03,  2.659048E-11,  0.000000E+00,  0.000000E+00,  0.000000E+00
  9.870000E+03,  2.636366E-11,  0.000000E+00,  0.000000E+00,  0.000000E+00
  9.890000E+03,  2.622689E-11,  0.000000E+00,  0.000000E+00,  0.000000E+00
  9.910000E+03,  2.606903E-11,  0.000000E+00,  0.000000E+00,  0.000000E+00
  9.930000E+03,  2.618521E-11,  0.000000E+00,  0.000000E+00,  0.000000E+00
  9.950000E+03,  2.606481E-11,  0.000000E+00,  0.000000E+00,  0.000000E+00
  9.970000E+03,  2.596497E-11,  0.000000E+00,  0.000000E+00,  0.000000E+00
  9.990000E+03,  2.582524E-11,  0.000000E+00,  0.000000E+00,  0.000000E+00
  1.002500E+04,  2.537507E-11,  0.000000E+00,  0.000000E+00,  0.000000E+00
  1.007500E+04,  2.476645E-11,  0.000000E+00,  0.000000E+00,  0.000000E+00
  1.012500E+04,  2.501613E-11,  0.000000E+00,  0.000000E+00,  0.000000E+00
  1.017500E+04,  2.460755E-11,  0.000000E+00,  0.000000E+00,  0.000000E+00
  1.022500E+04,  2.447705E-11,  0.000000E+00,  0.000000E+00,  0.000000E+00
  1.027500E+04,  2.431910E-11,  0.000000E+00,  0.000000E+00,  0.000000E+00
  1.032500E+04,  2.387961E-11,  0.000000E+00,  0.000000E+00,  0.000000E+00
  1.037500E+04,  2.366151E-11,  0.000000E+00,  0.000000E+00,  0.000000E+00
  1.042500E+04,  2.351909E-11,  0.000000E+00,  0.000000E+00,  0.000000E+00
  1.047500E+04,  2.307725E-11,  0.000000E+00,  0.000000E+00,  0.000000E+00
  1.052500E+04,  2.299495E-11,  0.000000E+00,  0.000000E+00,  0.000000E+00
  1.057500E+04,  2.267473E-11,  0.000000E+00,  0.000000E+00,  0.000000E+00
  1.062500E+04,  2.240820E-11,  0.000000E+00,  0.000000E+00,  0.000000E+00
  1.067500E+04,  2.185002E-11,  0.000000E+00,  0.000000E+00,  0.000000E+00
  1.072500E+04,  2.186391E-11,  0.000000E+00,  0.000000E+00,  0.000000E+00
  1.077500E+04,  2.158730E-11,  0.000000E+00,  0.000000E+00,  0.000000E+00
  1.082500E+04,  2.116573E-11,  0.000000E+00,  0.000000E+00,  0.000000E+00
  1.087500E+04,  2.102716E-11,  0.000000E+00,  0.000000E+00,  0.000000E+00
  1.092500E+04,  2.033871E-11,  0.000000E+00,  0.000000E+00,  0.000000E+00
  1.097500E+04,  2.040034E-11,  0.000000E+00,  0.000000E+00,  0.000000E+00
  1.102500E+04,  2.050547E-11,  0.000000E+00,  0.000000E+00,  0.000000E+00
  1.107500E+04,  2.043078E-11,  0.000000E+00,  0.000000E+00,  0.000000E+00
  1.112500E+04,  2.015409E-11,  0.000000E+00,  0.000000E+00,  0.000000E+00
  1.117500E+04,  1.993531E-11,  0.000000E+00,  0.000000E+00,  0.000000E+00
  1.122500E+04,  1.983012E-11,  0.000000E+00,  0.000000E+00,  0.000000E+00
  1.127500E+04,  1.938534E-11,  0.000000E+00,  0.000000E+00,  0.000000E+00
  1.132500E+04,  1.930289E-11,  0.000000E+00,  0.000000E+00,  0.000000E+00
  1.137500E+04,  1.912792E-11,  0.000000E+00,  0.000000E+00,  0.000000E+00
  1.142500E+04,  1.883380E-11,  0.000000E+00,  0.000000E+00,  0.000000E+00
  1.147500E+04,  1.891050E-11,  0.000000E+00,  0.000000E+00,  0.000000E+00
  1.152500E+04,  1.873036E-11,  0.000000E+00,  0.000000E+00,  0.000000E+00
  1.157500E+04,  1.845753E-11,  0.000000E+00,  0.000000E+00,  0.000000E+00
  1.162500E+04,  1.812384E-11,  0.000000E+00,  0.000000E+00,  0.000000E+00
  1.167500E+04,  1.799239E-11,  0.000000E+00,  0.000000E+00,  0.000000E+00
  1.172500E+04,  1.804932E-11,  0.000000E+00,  0.000000E+00,  0.000000E+00
  1.177500E+04,  1.759988E-11,  0.000000E+00,  0.000000E+00,  0.000000E+00
  1.182500E+04,  1.744923E-11,  0.000000E+00,  0.000000E+00,  0.000000E+00
  1.187500E+04,  1.725200E-11,  0.000000E+00,  0.000000E+00,  0.000000E+00
  1.192500E+04,  1.739801E-11,  0.000000E+00,  0.000000E+00,  0.000000E+00
  1.197500E+04,  1.679362E-11,  0.000000E+00,  0.000000E+00,  0.000000E+00
  1.202500E+04,  1.687130E-11,  0.000000E+00,  0.000000E+00,  0.000000E+00
  1.207500E+04,  1.665392E-11,  0.000000E+00,  0.000000E+00,  0.000000E+00
  1.212500E+04,  1.659345E-11,  0.000000E+00,  0.000000E+00,  0.000000E+00
  1.217500E+04,  1.658194E-11,  0.000000E+00,  0.000000E+00,  0.000000E+00
  1.222500E+04,  1.642019E-11,  0.000000E+00,  0.000000E+00,  0.000000E+00
  1.227500E+04,  1.619568E-11,  0.000000E+00,  0.000000E+00,  0.000000E+00
  1.232500E+04,  1.609275E-11,  0.000000E+00,  0.000000E+00,  0.000000E+00
  1.237500E+04,  1.593840E-11,  0.000000E+00,  0.000000E+00,  0.000000E+00
  1.242500E+04,  1.577188E-11,  0.000000E+00,  0.000000E+00,  0.000000E+00
  1.247500E+04,  1.568172E-11,  0.000000E+00,  0.000000E+00,  0.000000E+00
  1.252500E+04,  1.549412E-11,  0.000000E+00,  0.000000E+00,  0.000000E+00
  1.257500E+04,  1.534161E-11,  0.000000E+00,  0.000000E+00,  0.000000E+00
  1.262500E+04,  1.520919E-11,  0.000000E+00,  0.000000E+00,  0.000000E+00
  1.267500E+04,  1.504609E-11,  0.000000E+00,  0.000000E+00,  0.000000E+00
  1.272500E+04,  1.497075E-11,  0.000000E+00,  0.000000E+00,  0.000000E+00
  1.277500E+04,  1.477809E-11,  0.000000E+00,  0.000000E+00,  0.000000E+00
  1.282500E+04,  1.375593E-11,  0.000000E+00,  0.000000E+00,  0.000000E+00
  1.287500E+04,  1.448473E-11,  0.000000E+00,  0.000000E+00,  0.000000E+00
  1.292500E+04,  1.437488E-11,  0.000000E+00,  0.000000E+00,  0.000000E+00
  1.297500E+04,  1.432536E-11,  0.000000E+00,  0.000000E+00,  0.000000E+00
  1.302500E+04,  1.414038E-11,  0.000000E+00,  0.000000E+00,  0.000000E+00
  1.307500E+04,  1.408134E-11,  0.000000E+00,  0.000000E+00,  0.000000E+00
  1.312500E+04,  1.383755E-11,  0.000000E+00,  0.000000E+00,  0.000000E+00
  1.317500E+04,  1.370330E-11,  0.000000E+00,  0.000000E+00,  0.000000E+00
  1.322500E+04,  1.370929E-11,  0.000000E+00,  0.000000E+00,  0.000000E+00
  1.327500E+04,  1.348515E-11,  0.000000E+00,  0.000000E+00,  0.000000E+00
  1.332500E+04,  1.343157E-11,  0.000000E+00,  0.000000E+00,  0.000000E+00
  1.337500E+04,  1.330379E-11,  0.000000E+00,  0.000000E+00,  0.000000E+00
  1.342500E+04,  1.324794E-11,  0.000000E+00,  0.000000E+00,  0.000000E+00
  1.347500E+04,  1.312450E-11,  0.000000E+00,  0.000000E+00,  0.000000E+00
  1.352500E+04,  1.301056E-11,  0.000000E+00,  0.000000E+00,  0.000000E+00
  1.357500E+04,  1.280494E-11,  0.000000E+00,  0.000000E+00,  0.000000E+00
  1.362500E+04,  1.274694E-11,  0.000000E+00,  0.000000E+00,  0.000000E+00
  1.367500E+04,  1.263320E-11,  0.000000E+00,  0.000000E+00,  0.000000E+00
  1.372500E+04,  1.250533E-11,  0.000000E+00,  0.000000E+00,  0.000000E+00
  1.377500E+04,  1.242274E-11,  0.000000E+00,  0.000000E+00,  0.000000E+00
  1.382500E+04,  1.233814E-11,  0.000000E+00,  0.000000E+00,  0.000000E+00
  1.387500E+04,  1.226049E-11,  0.000000E+00,  0.000000E+00,  0.000000E+00
  1.392500E+04,  1.214718E-11,  0.000000E+00,  0.000000E+00,  0.000000E+00
  1.397500E+04,  1.204147E-11,  0.000000E+00,  0.000000E+00,  0.000000E+00
  1.402500E+04,  1.189004E-11,  0.000000E+00,  0.000000E+00,  0.000000E+00
  1.407500E+04,  1.184712E-11,  0.000000E+00,  0.000000E+00,  0.000000E+00
  1.412500E+04,  1.165750E-11,  0.000000E+00,  0.000000E+00,  0.000000E+00
  1.417500E+04,  1.165663E-11,  0.000000E+00,  0.000000E+00,  0.000000E+00
  1.422500E+04,  1.142945E-11,  0.000000E+00,  0.000000E+00,  0.000000E+00
  1.427500E+04,  1.125866E-11,  0.000000E+00,  0.000000E+00,  0.000000E+00
  1.432500E+04,  1.133352E-11,  0.000000E+00,  0.000000E+00,  0.000000E+00
  1.437500E+04,  1.129877E-11,  0.000000E+00,  0.000000E+00,  0.000000E+00
  1.442500E+04,  1.090823E-11,  0.000000E+00,  0.000000E+00,  0.000000E+00
  1.447500E+04,  1.108544E-11,  0.000000E+00,  0.000000E+00,  0.000000E+00
  1.452500E+04,  1.083557E-11,  0.000000E+00,  0.000000E+00,  0.000000E+00
  1.457000E+04,  1.085256E-11,  0.000000E+00,  0.000000E+00,  0.000000E+00
  1.462000E+04,  1.076671E-11,  0.000000E+00,  0.000000E+00,  0.000000E+00
  1.467500E+04,  1.069592E-11,  0.000000E+00,  0.000000E+00,  0.000000E+00
  1.472500E+04,  1.050336E-11,  0.000000E+00,  0.000000E+00,  0.000000E+00
  1.477500E+04,  1.043705E-11,  0.000000E+00,  0.000000E+00,  0.000000E+00
  1.482500E+04,  1.039250E-11,  0.000000E+00,  0.000000E+00,  0.000000E+00
  1.487500E+04,  1.013227E-11,  0.000000E+00,  0.000000E+00,  0.000000E+00
  1.492500E+04,  1.032161E-11,  0.000000E+00,  0.000000E+00,  0.000000E+00
  1.497500E+04,  1.016083E-11,  0.000000E+00,  0.000000E+00,  0.000000E+00
  1.502500E+04,  9.887243E-12,  0.000000E+00,  0.000000E+00,  0.000000E+00
  1.507500E+04,  9.851651E-12,  0.000000E+00,  0.000000E+00,  0.000000E+00
  1.512500E+04,  9.943143E-12,  0.000000E+00,  0.000000E+00,  0.000000E+00
  1.517500E+04,  9.898658E-12,  0.000000E+00,  0.000000E+00,  0.000000E+00
  1.522500E+04,  9.724918E-12,  0.000000E+00,  0.000000E+00,  0.000000E+00
  1.527500E+04,  9.720724E-12,  0.000000E+00,  0.000000E+00,  0.000000E+00
  1.532500E+04,  9.618363E-12,  0.000000E+00,  0.000000E+00,  0.000000E+00
  1.537500E+04,  9.544875E-12,  0.000000E+00,  0.000000E+00,  0.000000E+00
  1.542500E+04,  9.464318E-12,  0.000000E+00,  0.000000E+00,  0.000000E+00
  1.547500E+04,  9.400552E-12,  0.000000E+00,  0.000000E+00,  0.000000E+00
  1.552500E+04,  9.281629E-12,  0.000000E+00,  0.000000E+00,  0.000000E+00
  1.557500E+04,  9.181828E-12,  0.000000E+00,  0.000000E+00,  0.000000E+00
  1.562500E+04,  9.205130E-12,  0.000000E+00,  0.000000E+00,  0.000000E+00
  1.567500E+04,  8.999333E-12,  0.000000E+00,  0.000000E+00,  0.000000E+00
  1.572500E+04,  8.961812E-12,  0.000000E+00,  0.000000E+00,  0.000000E+00
  1.577500E+04,  8.699405E-12,  0.000000E+00,  0.000000E+00,  0.000000E+00
  1.582500E+04,  8.778205E-12,  0.000000E+00,  0.000000E+00,  0.000000E+00
  1.587500E+04,  8.458325E-12,  0.000000E+00,  0.000000E+00,  0.000000E+00
  1.592500E+04,  8.612271E-12,  0.000000E+00,  0.000000E+00,  0.000000E+00
  1.597500E+04,  8.594761E-12,  0.000000E+00,  0.000000E+00,  0.000000E+00
  1.605000E+04,  8.464898E-12,  0.000000E+00,  0.000000E+00,  0.000000E+00
  1.615000E+04,  8.232291E-12,  0.000000E+00,  0.000000E+00,  0.000000E+00
  1.625000E+04,  8.243935E-12,  0.000000E+00,  0.000000E+00,  0.000000E+00
  1.635000E+04,  7.993265E-12,  0.000000E+00,  0.000000E+00,  0.000000E+00
  1.645000E+04,  7.735750E-12,  0.000000E+00,  0.000000E+00,  0.000000E+00
  1.655000E+04,  7.793655E-12,  0.000000E+00,  0.000000E+00,  0.000000E+00
  1.665000E+04,  7.643661E-12,  0.000000E+00,  0.000000E+00,  0.000000E+00
  1.675000E+04,  7.357582E-12,  0.000000E+00,  0.000000E+00,  0.000000E+00
  1.685000E+04,  7.072679E-12,  0.000000E+00,  0.000000E+00,  0.000000E+00
  1.695000E+04,  7.215057E-12,  0.000000E+00,  0.000000E+00,  0.000000E+00
  1.705000E+04,  7.007800E-12,  0.000000E+00,  0.000000E+00,  0.000000E+00
  1.715000E+04,  6.876259E-12,  0.000000E+00,  0.000000E+00,  0.000000E+00
  1.725000E+04,  6.684486E-12,  0.000000E+00,  0.000000E+00,  0.000000E+00
  1.735000E+04,  6.265014E-12,  0.000000E+00,  0.000000E+00,  0.000000E+00
  1.745000E+04,  6.389831E-12,  0.000000E+00,  0.000000E+00,  0.000000E+00
  1.755000E+04,  6.339800E-12,  0.000000E+00,  0.000000E+00,  0.000000E+00
  1.765000E+04,  6.208387E-12,  0.000000E+00,  0.000000E+00,  0.000000E+00
  1.775000E+04,  6.089039E-12,  0.000000E+00,  0.000000E+00,  0.000000E+00
  1.785000E+04,  5.987615E-12,  0.000000E+00,  0.000000E+00,  0.000000E+00
  1.795000E+04,  5.878590E-12,  0.000000E+00,  0.000000E+00,  0.000000E+00
  1.805000E+04,  5.731027E-12,  0.000000E+00,  0.000000E+00,  0.000000E+00
  1.815000E+04,  5.380373E-12,  0.000000E+00,  0.000000E+00,  0.000000E+00
  1.825000E+04,  5.444726E-12,  0.000000E+00,  0.000000E+00,  0.000000E+00
  1.835000E+04,  5.404233E-12,  0.000000E+00,  0.000000E+00,  0.000000E+00
  1.845000E+04,  5.268922E-12,  0.000000E+00,  0.000000E+00,  0.000000E+00
  1.855000E+04,  5.196776E-12,  0.000000E+00,  0.000000E+00,  0.000000E+00
  1.865000E+04,  5.055912E-12,  0.000000E+00,  0.000000E+00,  0.000000E+00
  1.875000E+04,  4.683905E-12,  0.000000E+00,  0.000000E+00,  0.000000E+00
  1.885000E+04,  4.872355E-12,  0.000000E+00,  0.000000E+00,  0.000000E+00
  1.895000E+04,  4.720827E-12,  0.000000E+00,  0.000000E+00,  0.000000E+00
  1.905000E+04,  4.732039E-12,  0.000000E+00,  0.000000E+00,  0.000000E+00
  1.915000E+04,  4.630037E-12,  0.000000E+00,  0.000000E+00,  0.000000E+00
  1.925000E+04,  4.547617E-12,  0.000000E+00,  0.000000E+00,  0.000000E+00
  1.935000E+04,  4.423219E-12,  0.000000E+00,  0.000000E+00,  0.000000E+00
  1.945000E+04,  4.132465E-12,  0.000000E+00,  0.000000E+00,  0.000000E+00
  1.955000E+04,  4.281304E-12,  0.000000E+00,  0.000000E+00,  0.000000E+00
  1.965000E+04,  4.211876E-12,  0.000000E+00,  0.000000E+00,  0.000000E+00
  1.975000E+04,  4.120863E-12,  0.000000E+00,  0.000000E+00,  0.000000E+00
  1.985000E+04,  4.067380E-12,  0.000000E+00,  0.000000E+00,  0.000000E+00
  1.995000E+04,  3.992968E-12,  0.000000E+00,  0.000000E+00,  0.000000E+00
  2.005000E+04,  3.937535E-12,  0.000000E+00,  0.000000E+00,  0.000000E+00
  2.015000E+04,  3.880682E-12,  0.000000E+00,  0.000000E+00,  0.000000E+00
  2.025000E+04,  3.785399E-12,  0.000000E+00,  0.000000E+00,  0.000000E+00
  2.035000E+04,  3.697628E-12,  0.000000E+00,  0.000000E+00,  0.000000E+00
  2.045000E+04,  3.675174E-12,  0.000000E+00,  0.000000E+00,  0.000000E+00
  2.055000E+04,  3.601275E-12,  0.000000E+00,  0.000000E+00,  0.000000E+00
  2.065000E+04,  3.520177E-12,  0.000000E+00,  0.000000E+00,  0.000000E+00
  2.075000E+04,  3.470988E-12,  0.000000E+00,  0.000000E+00,  0.000000E+00
  2.085000E+04,  3.410797E-12,  0.000000E+00,  0.000000E+00,  0.000000E+00
  2.095000E+04,  3.334533E-12,  0.000000E+00,  0.000000E+00,  0.000000E+00
  2.105000E+04,  3.299821E-12,  0.000000E+00,  0.000000E+00,  0.000000E+00
  2.115000E+04,  3.236040E-12,  0.000000E+00,  0.000000E+00,  0.000000E+00
  2.125000E+04,  3.179237E-12,  0.000000E+00,  0.000000E+00,  0.000000E+00
  2.135000E+04,  3.130341E-12,  0.000000E+00,  0.000000E+00,  0.000000E+00
  2.145000E+04,  3.082776E-12,  0.000000E+00,  0.000000E+00,  0.000000E+00
  2.155000E+04,  3.021507E-12,  0.000000E+00,  0.000000E+00,  0.000000E+00
  2.165000E+04,  2.822251E-12,  0.000000E+00,  0.000000E+00,  0.000000E+00
  2.175000E+04,  2.895626E-12,  0.000000E+00,  0.000000E+00,  0.000000E+00
  2.185000E+04,  2.863020E-12,  0.000000E+00,  0.000000E+00,  0.000000E+00
  2.195000E+04,  2.835050E-12,  0.000000E+00,  0.000000E+00,  0.000000E+00
  2.205000E+04,  2.764415E-12,  0.000000E+00,  0.000000E+00,  0.000000E+00
  2.215000E+04,  2.737417E-12,  0.000000E+00,  0.000000E+00,  0.000000E+00
  2.225000E+04,  2.691327E-12,  0.000000E+00,  0.000000E+00,  0.000000E+00
  2.235000E+04,  2.647098E-12,  0.000000E+00,  0.000000E+00,  0.000000E+00
  2.245000E+04,  2.604379E-12,  0.000000E+00,  0.000000E+00,  0.000000E+00
  2.255000E+04,  2.552831E-12,  0.000000E+00,  0.000000E+00,  0.000000E+00
  2.265000E+04,  2.513261E-12,  0.000000E+00,  0.000000E+00,  0.000000E+00
  2.275000E+04,  2.481267E-12,  0.000000E+00,  0.000000E+00,  0.000000E+00
  2.285000E+04,  2.428699E-12,  0.000000E+00,  0.000000E+00,  0.000000E+00
  2.295000E+04,  2.388920E-12,  0.000000E+00,  0.000000E+00,  0.000000E+00
  2.305000E+04,  2.362568E-12,  0.000000E+00,  0.000000E+00,  0.000000E+00
  2.315000E+04,  2.320314E-12,  0.000000E+00,  0.000000E+00,  0.000000E+00
  2.325000E+04,  2.275135E-12,  0.000000E+00,  0.000000E+00,  0.000000E+00
  2.335000E+04,  2.241000E-12,  0.000000E+00,  0.000000E+00,  0.000000E+00
  2.345000E+04,  2.217102E-12,  0.000000E+00,  0.000000E+00,  0.000000E+00
  2.355000E+04,  2.165221E-12,  0.000000E+00,  0.000000E+00,  0.000000E+00
  2.365000E+04,  2.145575E-12,  0.000000E+00,  0.000000E+00,  0.000000E+00
  2.375000E+04,  2.101286E-12,  0.000000E+00,  0.000000E+00,  0.000000E+00
  2.385000E+04,  2.059379E-12,  0.000000E+00,  0.000000E+00,  0.000000E+00
  2.395000E+04,  2.044956E-12,  0.000000E+00,  0.000000E+00,  0.000000E+00
  2.405000E+04,  2.012560E-12,  0.000000E+00,  0.000000E+00,  0.000000E+00
  2.415000E+04,  1.968142E-12,  0.000000E+00,  0.000000E+00,  0.000000E+00
  2.425000E+04,  1.948310E-12,  0.000000E+00,  0.000000E+00,  0.000000E+00
  2.435000E+04,  1.916606E-12,  0.000000E+00,  0.000000E+00,  0.000000E+00
  2.445000E+04,  1.888589E-12,  0.000000E+00,  0.000000E+00,  0.000000E+00
  2.455000E+04,  1.846517E-12,  0.000000E+00,  0.000000E+00,  0.000000E+00
  2.465000E+04,  1.836872E-12,  0.000000E+00,  0.000000E+00,  0.000000E+00
  2.475000E+04,  1.801066E-12,  0.000000E+00,  0.000000E+00,  0.000000E+00
  2.485000E+04,  1.762818E-12,  0.000000E+00,  0.000000E+00,  0.000000E+00
  2.495000E+04,  1.751163E-12,  0.000000E+00,  0.000000E+00,  0.000000E+00
  2.505000E+04,  1.728711E-12,  0.000000E+00,  0.000000E+00,  0.000000E+00
  2.515000E+04,  1.700090E-12,  0.000000E+00,  0.000000E+00,  0.000000E+00
  2.525000E+04,  1.679069E-12,  0.000000E+00,  0.000000E+00,  0.000000E+00
  2.535000E+04,  1.654147E-12,  0.000000E+00,  0.000000E+00,  0.000000E+00
  2.545000E+04,  1.624130E-12,  0.000000E+00,  0.000000E+00,  0.000000E+00
  2.555000E+04,  1.600929E-12,  0.000000E+00,  0.000000E+00,  0.000000E+00
  2.565000E+04,  1.574095E-12,  0.000000E+00,  0.000000E+00,  0.000000E+00
  2.575000E+04,  1.563889E-12,  0.000000E+00,  0.000000E+00,  0.000000E+00
  2.585000E+04,  1.525414E-12,  0.000000E+00,  0.000000E+00,  0.000000E+00
  2.595000E+04,  1.515916E-12,  0.000000E+00,  0.000000E+00,  0.000000E+00
  2.605000E+04,  1.495122E-12,  0.000000E+00,  0.000000E+00,  0.000000E+00
  2.615000E+04,  1.464437E-12,  0.000000E+00,  0.000000E+00,  0.000000E+00
  2.625000E+04,  1.388279E-12,  0.000000E+00,  0.000000E+00,  0.000000E+00
  2.635000E+04,  1.423813E-12,  0.000000E+00,  0.000000E+00,  0.000000E+00
  2.645000E+04,  1.405948E-12,  0.000000E+00,  0.000000E+00,  0.000000E+00
  2.655000E+04,  1.388533E-12,  0.000000E+00,  0.000000E+00,  0.000000E+00
  2.665000E+04,  1.361512E-12,  0.000000E+00,  0.000000E+00,  0.000000E+00
  2.675000E+04,  1.345417E-12,  0.000000E+00,  0.000000E+00,  0.000000E+00
  2.685000E+04,  1.338239E-12,  0.000000E+00,  0.000000E+00,  0.000000E+00
  2.695000E+04,  1.320528E-12,  0.000000E+00,  0.000000E+00,  0.000000E+00
  2.705000E+04,  1.302795E-12,  0.000000E+00,  0.000000E+00,  0.000000E+00
  2.715000E+04,  1.283966E-12,  0.000000E+00,  0.000000E+00,  0.000000E+00
  2.725000E+04,  1.266646E-12,  0.000000E+00,  0.000000E+00,  0.000000E+00
  2.735000E+04,  1.249678E-12,  0.000000E+00,  0.000000E+00,  0.000000E+00
  2.745000E+04,  1.233958E-12,  0.000000E+00,  0.000000E+00,  0.000000E+00
  2.755000E+04,  1.201772E-12,  0.000000E+00,  0.000000E+00,  0.000000E+00
  2.765000E+04,  1.192482E-12,  0.000000E+00,  0.000000E+00,  0.000000E+00
  2.775000E+04,  1.182428E-12,  0.000000E+00,  0.000000E+00,  0.000000E+00
  2.785000E+04,  1.167490E-12,  0.000000E+00,  0.000000E+00,  0.000000E+00
  2.795000E+04,  1.153761E-12,  0.000000E+00,  0.000000E+00,  0.000000E+00
  2.805000E+04,  1.137897E-12,  0.000000E+00,  0.000000E+00,  0.000000E+00
  2.815000E+04,  1.123495E-12,  0.000000E+00,  0.000000E+00,  0.000000E+00
  2.825000E+04,  1.108137E-12,  0.000000E+00,  0.000000E+00,  0.000000E+00
  2.835000E+04,  1.094843E-12,  0.000000E+00,  0.000000E+00,  0.000000E+00
  2.845000E+04,  1.077095E-12,  0.000000E+00,  0.000000E+00,  0.000000E+00
  2.855000E+04,  1.064707E-12,  0.000000E+00,  0.000000E+00,  0.000000E+00
  2.865000E+04,  1.046623E-12,  0.000000E+00,  0.000000E+00,  0.000000E+00
  2.875000E+04,  1.018910E-12,  0.000000E+00,  0.000000E+00,  0.000000E+00
  2.885000E+04,  1.021929E-12,  0.000000E+00,  0.000000E+00,  0.000000E+00
  2.895000E+04,  1.010861E-12,  0.000000E+00,  0.000000E+00,  0.000000E+00
  2.905000E+04,  9.976479E-13,  0.000000E+00,  0.000000E+00,  0.000000E+00
  2.915000E+04,  9.847107E-13,  0.000000E+00,  0.000000E+00,  0.000000E+00
  2.925000E+04,  9.691070E-13,  0.000000E+00,  0.000000E+00,  0.000000E+00
  2.935000E+04,  9.597117E-13,  0.000000E+00,  0.000000E+00,  0.000000E+00
  2.945000E+04,  9.460396E-13,  0.000000E+00,  0.000000E+00,  0.000000E+00
  2.955000E+04,  9.354860E-13,  0.000000E+00,  0.000000E+00,  0.000000E+00
  2.965000E+04,  9.237722E-13,  0.000000E+00,  0.000000E+00,  0.000000E+00
  2.975000E+04,  9.120043E-13,  0.000000E+00,  0.000000E+00,  0.000000E+00
  2.985000E+04,  9.008611E-13,  0.000000E+00,  0.000000E+00,  0.000000E+00
  2.995000E+04,  8.880266E-13,  0.000000E+00,  0.000000E+00,  0.000000E+00
  3.005000E+04,  8.770087E-13,  0.000000E+00,  0.000000E+00,  0.000000E+00
  3.015000E+04,  8.671761E-13,  0.000000E+00,  0.000000E+00,  0.000000E+00
  3.025000E+04,  8.552859E-13,  0.000000E+00,  0.000000E+00,  0.000000E+00
  3.035000E+04,  8.300252E-13,  0.000000E+00,  0.000000E+00,  0.000000E+00
  3.045000E+04,  8.277997E-13,  0.000000E+00,  0.000000E+00,  0.000000E+00
  3.055000E+04,  8.241547E-13,  0.000000E+00,  0.000000E+00,  0.000000E+00
  3.065000E+04,  8.130321E-13,  0.000000E+00,  0.000000E+00,  0.000000E+00
  3.075000E+04,  8.051479E-13,  0.000000E+00,  0.000000E+00,  0.000000E+00
  3.085000E+04,  7.932013E-13,  0.000000E+00,  0.000000E+00,  0.000000E+00
  3.095000E+04,  7.838917E-13,  0.000000E+00,  0.000000E+00,  0.000000E+00
  3.105000E+04,  7.757394E-13,  0.000000E+00,  0.000000E+00,  0.000000E+00
  3.115000E+04,  7.609070E-13,  0.000000E+00,  0.000000E+00,  0.000000E+00
  3.125000E+04,  7.564152E-13,  0.000000E+00,  0.000000E+00,  0.000000E+00
  3.135000E+04,  7.474711E-13,  0.000000E+00,  0.000000E+00,  0.000000E+00
  3.145000E+04,  7.388555E-13,  0.000000E+00,  0.000000E+00,  0.000000E+00
  3.155000E+04,  7.276680E-13,  0.000000E+00,  0.000000E+00,  0.000000E+00
  3.165000E+04,  7.207532E-13,  0.000000E+00,  0.000000E+00,  0.000000E+00
  3.175000E+04,  7.117548E-13,  0.000000E+00,  0.000000E+00,  0.000000E+00
  3.185000E+04,  7.038102E-13,  0.000000E+00,  0.000000E+00,  0.000000E+00
  3.195000E+04,  6.962521E-13,  0.000000E+00,  0.000000E+00,  0.000000E+00
  3.210000E+04,  6.829389E-13,  0.000000E+00,  0.000000E+00,  0.000000E+00
  3.230000E+04,  6.673844E-13,  0.000000E+00,  0.000000E+00,  0.000000E+00
  3.250000E+04,  6.517274E-13,  0.000000E+00,  0.000000E+00,  0.000000E+00
  3.270000E+04,  6.364998E-13,  0.000000E+00,  0.000000E+00,  0.000000E+00
  3.290000E+04,  6.128218E-13,  0.000000E+00,  0.000000E+00,  0.000000E+00
  3.310000E+04,  6.057293E-13,  0.000000E+00,  0.000000E+00,  0.000000E+00
  3.330000E+04,  5.924997E-13,  0.000000E+00,  0.000000E+00,  0.000000E+00
  3.350000E+04,  5.805799E-13,  0.000000E+00,  0.000000E+00,  0.000000E+00
  3.370000E+04,  5.668676E-13,  0.000000E+00,  0.000000E+00,  0.000000E+00
  3.390000E+04,  5.534587E-13,  0.000000E+00,  0.000000E+00,  0.000000E+00
  3.410000E+04,  5.408091E-13,  0.000000E+00,  0.000000E+00,  0.000000E+00
  3.430000E+04,  5.306536E-13,  0.000000E+00,  0.000000E+00,  0.000000E+00
  3.450000E+04,  5.194966E-13,  0.000000E+00,  0.000000E+00,  0.000000E+00
  3.470000E+04,  5.079497E-13,  0.000000E+00,  0.000000E+00,  0.000000E+00
  3.490000E+04,  4.971196E-13,  0.000000E+00,  0.000000E+00,  0.000000E+00
  3.510000E+04,  4.863987E-13,  0.000000E+00,  0.000000E+00,  0.000000E+00
  3.530000E+04,  4.752890E-13,  0.000000E+00,  0.000000E+00,  0.000000E+00
  3.550000E+04,  4.657327E-13,  0.000000E+00,  0.000000E+00,  0.000000E+00
  3.570000E+04,  4.552949E-13,  0.000000E+00,  0.000000E+00,  0.000000E+00
  3.590000E+04,  4.456120E-13,  0.000000E+00,  0.000000E+00,  0.000000E+00
  3.610000E+04,  4.371475E-13,  0.000000E+00,  0.000000E+00,  0.000000E+00
  3.630000E+04,  4.278724E-13,  0.000000E+00,  0.000000E+00,  0.000000E+00
  3.650000E+04,  4.176113E-13,  0.000000E+00,  0.000000E+00,  0.000000E+00
  3.670000E+04,  4.088839E-13,  0.000000E+00,  0.000000E+00,  0.000000E+00
  3.690000E+04,  3.990435E-13,  0.000000E+00,  0.000000E+00,  0.000000E+00
  3.710000E+04,  3.909965E-13,  0.000000E+00,  0.000000E+00,  0.000000E+00
  3.730000E+04,  3.824371E-13,  0.000000E+00,  0.000000E+00,  0.000000E+00
  3.750000E+04,  3.709484E-13,  0.000000E+00,  0.000000E+00,  0.000000E+00
  3.770000E+04,  3.687797E-13,  0.000000E+00,  0.000000E+00,  0.000000E+00
  3.790000E+04,  3.614151E-13,  0.000000E+00,  0.000000E+00,  0.000000E+00
  3.810000E+04,  3.543294E-13,  0.000000E+00,  0.000000E+00,  0.000000E+00
  3.830000E+04,  3.479227E-13,  0.000000E+00,  0.000000E+00,  0.000000E+00
  3.850000E+04,  3.413290E-13,  0.000000E+00,  0.000000E+00,  0.000000E+00
  3.870000E+04,  3.340405E-13,  0.000000E+00,  0.000000E+00,  0.000000E+00
  3.890000E+04,  3.272732E-13,  0.000000E+00,  0.000000E+00,  0.000000E+00
  3.910000E+04,  3.215170E-13,  0.000000E+00,  0.000000E+00,  0.000000E+00
  3.930000E+04,  3.153365E-13,  0.000000E+00,  0.000000E+00,  0.000000E+00
  3.950000E+04,  3.084617E-13,  0.000000E+00,  0.000000E+00,  0.000000E+00
  3.970000E+04,  3.032328E-13,  0.000000E+00,  0.000000E+00,  0.000000E+00
  3.990000E+04,  2.960420E-13,  0.000000E+00,  0.000000E+00,  0.000000E+00
  4.010000E+04,  2.907769E-13,  0.000000E+00,  0.000000E+00,  0.000000E+00
  4.030000E+04,  2.859467E-13,  0.000000E+00,  0.000000E+00,  0.000000E+00
  4.050000E+04,  2.769974E-13,  0.000000E+00,  0.000000E+00,  0.000000E+00
  4.070000E+04,  2.750463E-13,  0.000000E+00,  0.000000E+00,  0.000000E+00
  4.090000E+04,  2.701041E-13,  0.000000E+00,  0.000000E+00,  0.000000E+00
  4.110000E+04,  2.653901E-13,  0.000000E+00,  0.000000E+00,  0.000000E+00
  4.130000E+04,  2.607189E-13,  0.000000E+00,  0.000000E+00,  0.000000E+00
  4.150000E+04,  2.553914E-13,  0.000000E+00,  0.000000E+00,  0.000000E+00
  4.170000E+04,  2.505106E-13,  0.000000E+00,  0.000000E+00,  0.000000E+00
  4.190000E+04,  2.462770E-13,  0.000000E+00,  0.000000E+00,  0.000000E+00
  4.210000E+04,  2.408805E-13,  0.000000E+00,  0.000000E+00,  0.000000E+00
  4.230000E+04,  2.379373E-13,  0.000000E+00,  0.000000E+00,  0.000000E+00
  4.250000E+04,  2.332103E-13,  0.000000E+00,  0.000000E+00,  0.000000E+00
  4.270000E+04,  2.293647E-13,  0.000000E+00,  0.000000E+00,  0.000000E+00
  4.290000E+04,  2.233920E-13,  0.000000E+00,  0.000000E+00,  0.000000E+00
  4.310000E+04,  2.180694E-13,  0.000000E+00,  0.000000E+00,  0.000000E+00
  4.330000E+04,  2.148643E-13,  0.000000E+00,  0.000000E+00,  0.000000E+00
  4.350000E+04,  2.089144E-13,  0.000000E+00,  0.000000E+00,  0.000000E+00
  4.370000E+04,  2.041868E-13,  0.000000E+00,  0.000000E+00,  0.000000E+00
  4.390000E+04,  2.019049E-13,  0.000000E+00,  0.000000E+00,  0.000000E+00
  4.410000E+04,  1.959127E-13,  0.000000E+00,  0.000000E+00,  0.000000E+00
  4.430000E+04,  1.935960E-13,  0.000000E+00,  0.000000E+00,  0.000000E+00
  4.450000E+04,  1.906051E-13,  0.000000E+00,  0.000000E+00,  0.000000E+00
  4.470000E+04,  1.854375E-13,  0.000000E+00,  0.000000E+00,  0.000000E+00
  4.490000E+04,  1.836483E-13,  0.000000E+00,  0.000000E+00,  0.000000E+00
  4.510000E+04,  1.804163E-13,  0.000000E+00,  0.000000E+00,  0.000000E+00
  4.530000E+04,  1.760198E-13,  0.000000E+00,  0.000000E+00,  0.000000E+00
  4.550000E+04,  1.739986E-13,  0.000000E+00,  0.000000E+00,  0.000000E+00
  4.570000E+04,  1.715156E-13,  0.000000E+00,  0.000000E+00,  0.000000E+00
  4.590000E+04,  1.673300E-13,  0.000000E+00,  0.000000E+00,  0.000000E+00
  4.610000E+04,  1.655250E-13,  0.000000E+00,  0.000000E+00,  0.000000E+00
  4.630000E+04,  1.626936E-13,  0.000000E+00,  0.000000E+00,  0.000000E+00
  4.650000E+04,  1.588611E-13,  0.000000E+00,  0.000000E+00,  0.000000E+00
  4.670000E+04,  1.571679E-13,  0.000000E+00,  0.000000E+00,  0.000000E+00
  4.690000E+04,  1.554224E-13,  0.000000E+00,  0.000000E+00,  0.000000E+00
  4.710000E+04,  1.529186E-13,  0.000000E+00,  0.000000E+00,  0.000000E+00
  4.730000E+04,  1.510656E-13,  0.000000E+00,  0.000000E+00,  0.000000E+00
  4.750000E+04,  1.484308E-13,  0.000000E+00,  0.000000E+00,  0.000000E+00
  4.770000E+04,  1.459880E-13,  0.000000E+00,  0.000000E+00,  0.000000E+00
  4.790000E+04,  1.438807E-13,  0.000000E+00,  0.000000E+00,  0.000000E+00
  4.810000E+04,  1.412022E-13,  0.000000E+00,  0.000000E+00,  0.000000E+00
  4.830000E+04,  1.396532E-13,  0.000000E+00,  0.000000E+00,  0.000000E+00
  4.850000E+04,  1.372332E-13,  0.000000E+00,  0.000000E+00,  0.000000E+00
  4.870000E+04,  1.350424E-13,  0.000000E+00,  0.000000E+00,  0.000000E+00
  4.890000E+04,  1.330474E-13,  0.000000E+00,  0.000000E+00,  0.000000E+00
  4.910000E+04,  1.310413E-13,  0.000000E+00,  0.000000E+00,  0.000000E+00
  4.930000E+04,  1.290076E-13,  0.000000E+00,  0.000000E+00,  0.000000E+00
  4.950000E+04,  1.269465E-13,  0.000000E+00,  0.000000E+00,  0.000000E+00
  4.970000E+04,  1.250279E-13,  0.000000E+00,  0.000000E+00,  0.000000E+00
  4.990000E+04,  1.233857E-13,  0.000000E+00,  0.000000E+00,  0.000000E+00
  5.010000E+04,  1.211581E-13,  0.000000E+00,  0.000000E+00,  0.000000E+00
  5.030000E+04,  1.197025E-13,  0.000000E+00,  0.000000E+00,  0.000000E+00
  5.050000E+04,  1.175025E-13,  0.000000E+00,  0.000000E+00,  0.000000E+00
  5.070000E+04,  1.159090E-13,  0.000000E+00,  0.000000E+00,  0.000000E+00
  5.090000E+04,  1.143789E-13,  0.000000E+00,  0.000000E+00,  0.000000E+00
  5.110000E+04,  1.123875E-13,  0.000000E+00,  0.000000E+00,  0.000000E+00
  5.130000E+04,  1.103478E-13,  0.000000E+00,  0.000000E+00,  0.000000E+00
  5.150000E+04,  1.092119E-13,  0.000000E+00,  0.000000E+00,  0.000000E+00
  5.170000E+04,  1.079574E-13,  0.000000E+00,  0.000000E+00,  0.000000E+00
  5.190000E+04,  1.060624E-13,  0.000000E+00,  0.000000E+00,  0.000000E+00
  5.210000E+04,  1.044275E-13,  0.000000E+00,  0.000000E+00,  0.000000E+00
  5.230000E+04,  1.029062E-13,  0.000000E+00,  0.000000E+00,  0.000000E+00
  5.250000E+04,  1.016179E-13,  0.000000E+00,  0.000000E+00,  0.000000E+00
  5.270000E+04,  1.002900E-13,  0.000000E+00,  0.000000E+00,  0.000000E+00
  5.290000E+04,  9.848755E-14,  0.000000E+00,  0.000000E+00,  0.000000E+00
  5.310000E+04,  9.729910E-14,  0.000000E+00,  0.000000E+00,  0.000000E+00
  5.330000E+04,  9.582520E-14,  0.000000E+00,  0.000000E+00,  0.000000E+00
  5.350000E+04,  9.455628E-14,  0.000000E+00,  0.000000E+00,  0.000000E+00
  5.370000E+04,  9.313803E-14,  0.000000E+00,  0.000000E+00,  0.000000E+00
  5.390000E+04,  9.193384E-14,  0.000000E+00,  0.000000E+00,  0.000000E+00
  5.410000E+04,  9.067004E-14,  0.000000E+00,  0.000000E+00,  0.000000E+00
  5.430000E+04,  8.913087E-14,  0.000000E+00,  0.000000E+00,  0.000000E+00
  5.450000E+04,  8.816519E-14,  0.000000E+00,  0.000000E+00,  0.000000E+00
  5.470000E+04,  8.682151E-14,  0.000000E+00,  0.000000E+00,  0.000000E+00
  5.490000E+04,  8.560382E-14,  0.000000E+00,  0.000000E+00,  0.000000E+00
  5.510000E+04,  8.456470E-14,  0.000000E+00,  0.000000E+00,  0.000000E+00
  5.530000E+04,  8.350798E-14,  0.000000E+00,  0.000000E+00,  0.000000E+00
  5.550000E+04,  8.213916E-14,  0.000000E+00,  0.000000E+00,  0.000000E+00
  5.570000E+04,  8.128135E-14,  0.000000E+00,  0.000000E+00,  0.000000E+00
  5.590000E+04,  7.987205E-14,  0.000000E+00,  0.000000E+00,  0.000000E+00
  5.610000E+04,  7.894024E-14,  0.000000E+00,  0.000000E+00,  0.000000E+00
  5.630000E+04,  7.781980E-14,  0.000000E+00,  0.000000E+00,  0.000000E+00
  5.650000E+04,  7.695803E-14,  0.000000E+00,  0.000000E+00,  0.000000E+00
  5.670000E+04,  7.593329E-14,  0.000000E+00,  0.000000E+00,  0.000000E+00
  5.690000E+04,  7.474157E-14,  0.000000E+00,  0.000000E+00,  0.000000E+00
  5.710000E+04,  7.388828E-14,  0.000000E+00,  0.000000E+00,  0.000000E+00
  5.730000E+04,  7.292275E-14,  0.000000E+00,  0.000000E+00,  0.000000E+00
  5.750000E+04,  7.193619E-14,  0.000000E+00,  0.000000E+00,  0.000000E+00
  5.770000E+04,  7.097647E-14,  0.000000E+00,  0.000000E+00,  0.000000E+00
  5.790000E+04,  7.007940E-14,  0.000000E+00,  0.000000E+00,  0.000000E+00
  5.810000E+04,  6.912579E-14,  0.000000E+00,  0.000000E+00,  0.000000E+00
  5.830000E+04,  6.824968E-14,  0.000000E+00,  0.000000E+00,  0.000000E+00
  5.850000E+04,  6.740262E-14,  0.000000E+00,  0.000000E+00,  0.000000E+00
  5.870000E+04,  6.645334E-14,  0.000000E+00,  0.000000E+00,  0.000000E+00
  5.890000E+04,  6.551099E-14,  0.000000E+00,  0.000000E+00,  0.000000E+00
  5.910000E+04,  6.444980E-14,  0.000000E+00,  0.000000E+00,  0.000000E+00
  5.930000E+04,  6.394496E-14,  0.000000E+00,  0.000000E+00,  0.000000E+00
  5.950000E+04,  6.295310E-14,  0.000000E+00,  0.000000E+00,  0.000000E+00
  5.970000E+04,  6.233105E-14,  0.000000E+00,  0.000000E+00,  0.000000E+00
  5.990000E+04,  6.154095E-14,  0.000000E+00,  0.000000E+00,  0.000000E+00
  6.010000E+04,  6.072455E-14,  0.000000E+00,  0.000000E+00,  0.000000E+00
  6.030000E+04,  5.999307E-14,  0.000000E+00,  0.000000E+00,  0.000000E+00
  6.050000E+04,  5.922397E-14,  0.000000E+00,  0.000000E+00,  0.000000E+00
  6.070000E+04,  5.844809E-14,  0.000000E+00,  0.000000E+00,  0.000000E+00
  6.090000E+04,  5.768707E-14,  0.000000E+00,  0.000000E+00,  0.000000E+00
  6.110000E+04,  5.687964E-14,  0.000000E+00,  0.000000E+00,  0.000000E+00
  6.130000E+04,  5.628382E-14,  0.000000E+00,  0.000000E+00,  0.000000E+00
  6.150000E+04,  5.560802E-14,  0.000000E+00,  0.000000E+00,  0.000000E+00
  6.170000E+04,  5.491176E-14,  0.000000E+00,  0.000000E+00,  0.000000E+00
  6.190000E+04,  5.423945E-14,  0.000000E+00,  0.000000E+00,  0.000000E+00
  6.210000E+04,  5.357193E-14,  0.000000E+00,  0.000000E+00,  0.000000E+00
  6.230000E+04,  5.278161E-14,  0.000000E+00,  0.000000E+00,  0.000000E+00
  6.250000E+04,  5.218862E-14,  0.000000E+00,  0.000000E+00,  0.000000E+00
  6.270000E+04,  5.155745E-14,  0.000000E+00,  0.000000E+00,  0.000000E+00
  6.290000E+04,  5.091759E-14,  0.000000E+00,  0.000000E+00,  0.000000E+00
  6.310000E+04,  5.026029E-14,  0.000000E+00,  0.000000E+00,  0.000000E+00
  6.330000E+04,  4.975333E-14,  0.000000E+00,  0.000000E+00,  0.000000E+00
  6.350000E+04,  4.912646E-14,  0.000000E+00,  0.000000E+00,  0.000000E+00
  6.370000E+04,  4.853029E-14,  0.000000E+00,  0.000000E+00,  0.000000E+00
  6.390000E+04,  4.792723E-14,  0.000000E+00,  0.000000E+00,  0.000000E+00
  6.420000E+04,  4.708914E-14,  0.000000E+00,  0.000000E+00,  0.000000E+00
  6.460000E+04,  4.592951E-14,  0.000000E+00,  0.000000E+00,  0.000000E+00
  6.500000E+04,  4.483011E-14,  0.000000E+00,  0.000000E+00,  0.000000E+00
  6.540000E+04,  4.381658E-14,  0.000000E+00,  0.000000E+00,  0.000000E+00
  6.580000E+04,  4.279638E-14,  0.000000E+00,  0.000000E+00,  0.000000E+00
  6.620000E+04,  4.178278E-14,  0.000000E+00,  0.000000E+00,  0.000000E+00
  6.660000E+04,  4.082633E-14,  0.000000E+00,  0.000000E+00,  0.000000E+00
  6.700000E+04,  3.987206E-14,  0.000000E+00,  0.000000E+00,  0.000000E+00
  6.740000E+04,  3.893940E-14,  0.000000E+00,  0.000000E+00,  0.000000E+00
  6.780000E+04,  3.804444E-14,  0.000000E+00,  0.000000E+00,  0.000000E+00
  6.820000E+04,  3.720718E-14,  0.000000E+00,  0.000000E+00,  0.000000E+00
  6.860000E+04,  3.636875E-14,  0.000000E+00,  0.000000E+00,  0.000000E+00
  6.900000E+04,  3.555124E-14,  0.000000E+00,  0.000000E+00,  0.000000E+00
  6.940000E+04,  3.474585E-14,  0.000000E+00,  0.000000E+00,  0.000000E+00
  6.980000E+04,  3.399153E-14,  0.000000E+00,  0.000000E+00,  0.000000E+00
  7.020000E+04,  3.321006E-14,  0.000000E+00,  0.000000E+00,  0.000000E+00
  7.060000E+04,  3.250652E-14,  0.000000E+00,  0.000000E+00,  0.000000E+00
  7.100000E+04,  3.179984E-14,  0.000000E+00,  0.000000E+00,  0.000000E+00
  7.140000E+04,  3.110595E-14,  0.000000E+00,  0.000000E+00,  0.000000E+00
  7.180000E+04,  3.043305E-14,  0.000000E+00,  0.000000E+00,  0.000000E+00
  7.220000E+04,  2.977330E-14,  0.000000E+00,  0.000000E+00,  0.000000E+00
  7.260000E+04,  2.913528E-14,  0.000000E+00,  0.000000E+00,  0.000000E+00
  7.300000E+04,  2.852616E-14,  0.000000E+00,  0.000000E+00,  0.000000E+00
  7.340000E+04,  2.790562E-14,  0.000000E+00,  0.000000E+00,  0.000000E+00
  7.380000E+04,  2.733309E-14,  0.000000E+00,  0.000000E+00,  0.000000E+00
  7.420000E+04,  2.674885E-14,  0.000000E+00,  0.000000E+00,  0.000000E+00
  7.460000E+04,  2.607817E-14,  0.000000E+00,  0.000000E+00,  0.000000E+00
  7.500000E+04,  2.556226E-14,  0.000000E+00,  0.000000E+00,  0.000000E+00
  7.540000E+04,  2.512138E-14,  0.000000E+00,  0.000000E+00,  0.000000E+00
  7.580000E+04,  2.461328E-14,  0.000000E+00,  0.000000E+00,  0.000000E+00
  7.620000E+04,  2.410908E-14,  0.000000E+00,  0.000000E+00,  0.000000E+00
  7.660000E+04,  2.362217E-14,  0.000000E+00,  0.000000E+00,  0.000000E+00
  7.700000E+04,  2.313446E-14,  0.000000E+00,  0.000000E+00,  0.000000E+00
  7.740000E+04,  2.267898E-14,  0.000000E+00,  0.000000E+00,  0.000000E+00
  7.780000E+04,  2.222643E-14,  0.000000E+00,  0.000000E+00,  0.000000E+00
  7.820000E+04,  2.178364E-14,  0.000000E+00,  0.000000E+00,  0.000000E+00
  7.860000E+04,  2.135224E-14,  0.000000E+00,  0.000000E+00,  0.000000E+00
  7.900000E+04,  2.093069E-14,  0.000000E+00,  0.000000E+00,  0.000000E+00
  7.940000E+04,  2.051943E-14,  0.000000E+00,  0.000000E+00,  0.000000E+00
  7.980000E+04,  2.011903E-14,  0.000000E+00,  0.000000E+00,  0.000000E+00
  8.020000E+04,  1.972375E-14,  0.000000E+00,  0.000000E+00,  0.000000E+00
  8.060000E+04,  1.933862E-14,  0.000000E+00,  0.000000E+00,  0.000000E+00
  8.100000E+04,  1.897459E-14,  0.000000E+00,  0.000000E+00,  0.000000E+00
  8.140000E+04,  1.859757E-14,  0.000000E+00,  0.000000E+00,  0.000000E+00
  8.180000E+04,  1.824955E-14,  0.000000E+00,  0.000000E+00,  0.000000E+00
  8.220000E+04,  1.791017E-14,  0.000000E+00,  0.000000E+00,  0.000000E+00
  8.260000E+04,  1.757042E-14,  0.000000E+00,  0.000000E+00,  0.000000E+00
  8.300000E+04,  1.724151E-14,  0.000000E+00,  0.000000E+00,  0.000000E+00
  8.340000E+04,  1.691007E-14,  0.000000E+00,  0.000000E+00,  0.000000E+00
  8.380000E+04,  1.659998E-14,  0.000000E+00,  0.000000E+00,  0.000000E+00
  8.420000E+04,  1.629652E-14,  0.000000E+00,  0.000000E+00,  0.000000E+00
  8.460000E+04,  1.599576E-14,  0.000000E+00,  0.000000E+00,  0.000000E+00
  8.500000E+04,  1.570242E-14,  0.000000E+00,  0.000000E+00,  0.000000E+00
  8.540000E+04,  1.541512E-14,  0.000000E+00,  0.000000E+00,  0.000000E+00
  8.580000E+04,  1.513459E-14,  0.000000E+00,  0.000000E+00,  0.000000E+00
  8.620000E+04,  1.485819E-14,  0.000000E+00,  0.000000E+00,  0.000000E+00
  8.660000E+04,  1.459328E-14,  0.000000E+00,  0.000000E+00,  0.000000E+00
  8.700000E+04,  1.433135E-14,  0.000000E+00,  0.000000E+00,  0.000000E+00
  8.740000E+04,  1.406641E-14,  0.000000E+00,  0.000000E+00,  0.000000E+00
  8.780000E+04,  1.381630E-14,  0.000000E+00,  0.000000E+00,  0.000000E+00
  8.820000E+04,  1.357413E-14,  0.000000E+00,  0.000000E+00,  0.000000E+00
  8.860000E+04,  1.333520E-14,  0.000000E+00,  0.000000E+00,  0.000000E+00
  8.900000E+04,  1.310016E-14,  0.000000E+00,  0.000000E+00,  0.000000E+00
  8.940000E+04,  1.287480E-14,  0.000000E+00,  0.000000E+00,  0.000000E+00
  8.980000E+04,  1.264408E-14,  0.000000E+00,  0.000000E+00,  0.000000E+00
  9.020000E+04,  1.242979E-14,  0.000000E+00,  0.000000E+00,  0.000000E+00
  9.060000E+04,  1.221964E-14,  0.000000E+00,  0.000000E+00,  0.000000E+00
  9.100000E+04,  1.200260E-14,  0.000000E+00,  0.000000E+00,  0.000000E+00
  9.140000E+04,  1.179836E-14,  0.000000E+00,  0.000000E+00,  0.000000E+00
  9.180000E+04,  1.160111E-14,  0.000000E+00,  0.000000E+00,  0.000000E+00
  9.220000E+04,  1.140560E-14,  0.000000E+00,  0.000000E+00,  0.000000E+00
  9.260000E+04,  1.121178E-14,  0.000000E+00,  0.000000E+00,  0.000000E+00
  9.300000E+04,  1.102496E-14,  0.000000E+00,  0.000000E+00,  0.000000E+00
  9.340000E+04,  1.083792E-14,  0.000000E+00,  0.000000E+00,  0.000000E+00
  9.380000E+04,  1.065605E-14,  0.000000E+00,  0.000000E+00,  0.000000E+00
  9.420000E+04,  1.048232E-14,  0.000000E+00,  0.000000E+00,  0.000000E+00
  9.460000E+04,  1.030665E-14,  0.000000E+00,  0.000000E+00,  0.000000E+00
  9.500000E+04,  1.013875E-14,  0.000000E+00,  0.000000E+00,  0.000000E+00
  9.540000E+04,  9.970398E-15,  0.000000E+00,  0.000000E+00,  0.000000E+00
  9.580000E+04,  9.807500E-15,  0.000000E+00,  0.000000E+00,  0.000000E+00
  9.620000E+04,  9.647379E-15,  0.000000E+00,  0.000000E+00,  0.000000E+00
  9.660000E+04,  9.491098E-15,  0.000000E+00,  0.000000E+00,  0.000000E+00
  9.700000E+04,  9.340201E-15,  0.000000E+00,  0.000000E+00,  0.000000E+00
  9.740000E+04,  9.182865E-15,  0.000000E+00,  0.000000E+00,  0.000000E+00
  9.780000E+04,  9.037110E-15,  0.000000E+00,  0.000000E+00,  0.000000E+00
  9.820000E+04,  8.897528E-15,  0.000000E+00,  0.000000E+00,  0.000000E+00
  9.860000E+04,  8.756553E-15,  0.000000E+00,  0.000000E+00,  0.000000E+00
  9.900000E+04,  8.617674E-15,  0.000000E+00,  0.000000E+00,  0.000000E+00
  9.940000E+04,  8.479150E-15,  0.000000E+00,  0.000000E+00,  0.000000E+00
  9.980000E+04,  8.348809E-15,  0.000000E+00,  0.000000E+00,  0.000000E+00
  1.002000E+05,  8.218281E-15,  0.000000E+00,  0.000000E+00,  0.000000E+00
  2.000000E+05,  5.316249E-16,  0.000000E+00,  0.000000E+00,  0.000000E+00
  4.000000E+05,  3.338036E-17,  0.000000E+00,  0.000000E+00,  0.000000E+00
  6.000000E+05,  6.564370E-18,  0.000000E+00,  0.000000E+00,  0.000000E+00
  8.000000E+05,  2.065562E-18,  0.000000E+00,  0.000000E+00,  0.000000E+00
  1.000000E+06,  8.415224E-19,  0.000000E+00,  0.000000E+00,  0.000000E+00
  1.200000E+06,  4.038137E-19,  0.000000E+00,  0.000000E+00,  0.000000E+00
  1.400000E+06,  2.169853E-19,  0.000000E+00,  0.000000E+00,  0.000000E+00
  1.600000E+06,  1.266639E-19,  0.000000E+00,  0.000000E+00,  0.000000E+00
